47
CysRS_AF_Mito_Homo_sapiens_gene79587 0.0000 0.2480 0.5035 0.3369 0.2564 0.2412 0.4350 0.4033 0.5204 0.3389 0.3602 0.2365 0.2566 0.4124 0.3323 0.1946 0.4748 0.5209 0.1472 0.4064 0.4432 0.3690 0.3767 0.5084 0.5103 0.2860 0.4463 0.3534 0.5855 0.1921 0.4919 0.4133 0.0213 0.4887 0.3285 0.5655 0.5092 0.5410 0.6307 0.6041 0.2077 0.2069 0.2156 0.5392 0.2117 0.4215 0.4810
CysRS_AF_Euk_Homo_sapiens_gene833 0.2480 0.0000 0.5524 0.6220 0.3472 0.4126 0.5490 0.3781 0.6186 0.5275 0.7126 0.0557 0.3655 0.4863 0.4328 0.2513 0.7487 0.5068 0.1187 0.4498 0.4873 0.3897 0.6398 0.5453 0.6589 0.2940 0.6658 0.5182 0.7671 0.1045 0.7245 0.6375 0.1984 0.7050 0.4647 0.7044 0.5784 0.7315 0.4519 0.9060 0.2476 0.2944 0.0970 0.6394 0.1349 0.4486 0.5204
ArgRS_AF_Arch_Candidatus_Korarchaeum_cryptofilum_OPF8_gene6093502 0.5035 0.5524 0.0000 0.5413 0.8770 0.6293 0.1514 1.1410 0.1480 0.1079 0.0712 0.5416 0.5848 0.9894 0.1390 0.5160 0.0864 0.7013 0.6636 0.1821 0.7411 0.5931 0.0977 0.1007 0.1124 0.6992 0.1760 0.8138 0.1196 0.6399 0.0439 0.0607 0.4877 0.1245 1.1481 0.1357 0.1116 0.1594 0.1414 0.1487 0.8711 0.4391 0.4880 0.1348 0.5680 0.1802 0.1635
CysRS_AF_Bact_Mycoplasma_hyopneumoniae_168-L_gene57101512 0.3369 0.6220 0.5413 0.0000 0.4703 0.2373 1.1095 0.5299 0.8454 0.6330 1.2300 0.8925 0.3253 0.2862 0.8604 0.4109 0.6289 0.5175 0.8992 0.4448 0.2965 1.2941 1.1104 0.9262 0.7066 0.6286 0.9755 0.4054 0.9294 0.4376 0.7846 0.7206 0.5417 0.6795 0.2801 0.9867 0.6870 0.7134 0.7779 0.9411 0.6078 0.4717 0.8843 0.6449 0.8921 0.9213 0.6276
CysRS_AF_Arch_Candidatus_Nitrosopumilus_sediminis_gene13696907 0.2564 0.3472 0.8770 0.4703 0.0000 0.2628 0.6839 0.3078 0.4717 0.7593 0.5344 0.2856 0.3238 0.5133 0.5733 0.2947 0.6154 0.3766 0.1710 1.2097 0.4525 0.2102 0.7690 0.8941 1.0422 0.2708 0.4972 0.3738 0.5313 0.2116 0.7257 0.4590 0.1857 0.7169 0.3904 0.5806 0.3510 0.4945 0.9795 0.5193 0.1474 0.1717 0.2944 0.3863 0.2438 0.8244 0.7143
CysRS_PDB_Bact_E_coli_1LI5 0.2412 0.4126 0.6293 0.2373 0.2628 0.0000 0.3285 0.1754 0.7023 0.6714 0.2152 0.3649 0.1952 0.5267 0.7703 0.3350 0.8043 0.3147 0.3014 1.3483 0.2727 0.6726 0.8624 0.6385 0.6105 0.3059 1.0575 0.3355 1.3792 0.3589 1.1850 0.5868 0.3649 0.4341 0.1512 0.5361 0.5822 0.3980 1.1209 0.7397 0.2460 0.3021 0.4431 0.9241 0.4498 1.0319 0.5704
ArgRS_PDB_Arch_2ZUF 0.4350 0.5490 0.1514 1.1095 0.6839 0.3285 0.0000 0.3408 0.1337 0.0704 0.1063 0.4670 0.9391 1.0270 0.1203 0.5609 0.1791 0.6210 0.6879 0.1789 0.9496 0.5343 0.0867 0.1513 0.1585 0.6820 0.1659 1.3863 0.1527 0.6146 0.0865 0.1194 0.4014 0.0905 0.9521 0.1247 0.1135 0.2080 0.2128 0.2460 0.6656 0.3309 0.5480 0.0867 0.6448 0.1390 0.1987
CysRS_AF_Arch_Methanospirillum_hungatei_JF-1_gene3922979 0.4033 0.3781 1.1410 0.5299 0.3078 0.1754 0.3408 0.0000 0.6751 0.8590 0.7290 0.3842 0.1694 0.5366 0.6222 0.3462 0.3500 0.2992 0.4126 0.7704 0.4649 0.6380 0.7888 0.4537 0.4984 0.3110 0.4581 0.3744 0.9718 0.3815 1.0443 0.6365 0.3789 1.0146 0.2352 0.5857 0.6793 0.7056 1.0217 0.3897 0.3252 0.4050 0.4127 0.6327 0.4859 1.0082 1.1308
ArgRS_AF_Bact_Brachyspira_pilosicoli_95_1000_gene56439668 0.5204 0.6186 0.1480 0.8454 0.4717 0.7023 0.1337 0.6751 0.0000 0.1687 0.1303 0.3567 0.6972 0.8532 0.1611 0.6621 0.1512 0.6207 0.4108 0.3374 0.7918 0.6856 0.1826 0.3526 0.1094 0.5881 0.2998 1.1727 0.1454 0.4790 0.1464 0.1218 0.5003 0.1246 1.3595 0.0710 0.2853 0.2362 0.2381 0.4476 0.6960 0.4653 0.6142 0.1427 0.5462 0.0926 0.2340
ArgRS_AF_Bact_Prochlorococcus_marinus_subsp_marinus_str_CCMP1375_gene54199571 0.3389 0.5275 0.1079 0.6330 0.7593 0.6714 0.0704 0.8590 0.1687 0.0000 0.0729 0.7309 0.8091 0.7154 0.0431 0.3997 0.2202 0.7553 0.7339 0.0881 0.7248 0.5104 0.0281 0.0962 0.1802 0.6532 0.0983 1.1819 0.0743 0.3654 0.0769 0.0821 0.3882 0.0718 1.5291 0.1949 0.0646 0.0850 0.0765 0.2294 0.6537 0.3772 0.4200 0.0740 0.5164 0.1063 0.0714
ArgRS_AF_Arch_Methanothermococcus_okinawensis_IH1_gene10773248 0.3602 0.7126 0.0712 1.2300 0.5344 0.2152 0.1063 0.7290 0.1303 0.0729 0.0000 0.7307 0.3880 1.0252 0.1160 0.6905 0.1726 0.9105 1.1443 0.1927 0.7950 0.4395 0.0723 0.1837 0.1514 1.0153 0.1894 1.2124 0.1057 0.6525 0.0883 0.1035 0.5025 0.0927 1.2247 0.0945 0.1850 0.2326 0.1563 0.2084 0.8471 0.3711 0.5225 0.0882 0.8151 0.1476 0.1984
CysRS_AF_Euk_Drosophila_melanogaster_gene36784 0.2365 0.0557 0.5416 0.8925 0.2856 0.3649 0.4670 0.3842 0.3567 0.7309 0.7307 0.0000 0.3767 0.4311 0.4618 0.3078 0.5033 0.5825 0.1131 0.5236 0.5398 0.4987 0.6540 0.5628 0.5049 0.2884 0.4411 0.3575 0.6157 0.1163 0.6223 0.5523 0.2397 0.4697 0.4733 0.4502 0.6670 0.5556 0.4313 0.7351 0.2252 0.2613 0.0671 0.5293 0.1763 0.4616 0.6565
CysRS_PDB_Bact_M_smegmatis_3C8Z 0.2566 0.3655 0.5848 0.3253 0.3238 0.1952 0.9391 0.1694 0.6972 0.8091 0.3880 0.3767 0.0000 0.4235 0.5685 0.2051 0.7299 0.2760 0.3563 1.0898 0.3643 0.4139 0.5406 0.8742 0.6059 0.3149 0.5925 0.4270 1.0256 0.3686 0.9849 0.3796 0.2371 0.6381 0.3114 0.5613 0.5579 0.4759 0.8447 0.4984 0.3469 0.3708 0.4239 0.5205 0.3399 0.8089 0.5865
CysRS_AF_Bact_Treponema_pallidum_subsp_pertenue_str_SamoaD_gene57878631 0.4124 0.4863 0.9894 0.2862 0.5133 0.5267 1.0270 0.5366 0.8532 0.7154 1.0252 0.4311 0.4235 0.0000 0.6084 0.3827 0.9071 0.4291 0.4559 0.5982 0.3973 0.6052 0.5859 0.9215 0.7158 0.4426 0.9531 0.4286 0.9867 0.4781 0.7811 0.9789 0.4130 0.3978 0.5447 0.9676 0.4511 0.8339 0.6577 0.4900 0.3794 0.4236 0.4674 0.8800 0.6838 0.9033 0.7798
ArgRS_AF_Bact_Escherichia_coli_O157:H7_str._Sakai_gene912519 0.3323 0.4328 0.1390 0.8604 0.5733 0.7703 0.1203 0.6222 0.1611 0.0431 0.1160 0.4618 0.5685 0.6084 0.0000 0.4890 0.1113 0.6373 0.4991 0.0989 0.7457 0.5159 0.0343 0.1248 0.1780 0.5540 0.1294 1.1326 0.0782 0.4084 0.0789 0.1012 0.3504 0.0787 1.2196 0.2215 0.0976 0.0813 0.1012 0.1930 0.8797 0.4811 0.4199 0.0876 0.4935 0.1282 0.0934
CysRS_AF_Arch_Pyrobaculum_ferrireducens_gene11593896 0.1946 0.2513 0.5160 0.4109 0.2947 0.3350 0.5609 0.3462 0.6621 0.3997 0.6905 0.3078 0.2051 0.3827 0.4890 0.0000 0.5281 0.2564 0.3004 0.4899 0.4008 0.6897 0.4846 0.5738 0.5318 0.3737 0.5128 0.4427 0.6753 0.2614 0.6872 0.6208 0.2304 0.5457 0.3953 0.4949 0.4949 0.5030 0.4925 0.6783 0.2312 0.4756 0.2865 0.4433 0.2909 0.4383 0.4507
ArgRS_AF_Bact_Cupriavidus_taiwanensis_LMG_19424_gene29762022 0.4748 0.7487 0.0864 0.6289 0.6154 0.8043 0.1791 0.3500 0.1512 0.2202 0.1726 0.5033 0.7299 0.9071 0.1113 0.5281 0.0000 0.5918 0.5998 0.2015 0.7825 0.4859 0.1468 0.2738 0.1376 0.5635 0.1869 1.2499 0.1024 0.6808 0.0699 0.1011 0.4898 0.1616 0.8026 0.1669 0.1805 0.2141 0.3023 0.1812 0.5877 0.4177 0.7443 0.1292 0.6677 0.1326 0.2130
CysRS_AF_Bact_Porphyromonas_gingivalis_ATCC_33277_gene29256960 0.5209 0.5068 0.7013 0.5175 0.3766 0.3147 0.6210 0.2992 0.6207 0.7553 0.9105 0.5825 0.2760 0.4291 0.6373 0.2564 0.5918 0.0000 0.4987 0.6017 0.4558 0.3539 0.8510 0.7408 0.6520 0.2528 0.8325 0.2881 0.7823 0.5019 0.6692 0.7815 0.3130 0.8784 0.2467 0.7079 0.8246 0.6518 0.6481 0.2807 0.3123 0.2643 0.4198 0.7787 0.4140 0.7106 0.6656
CysRS_AF_Bact_Lactobacillus_amylovorus_GRL1118_gene66523130 0.1472 0.1187 0.6636 0.8992 0.1710 0.3014 0.6879 0.4126 0.4108 0.7339 1.1443 0.1131 0.3563 0.4559 0.4991 0.3004 0.5998 0.4987 0.0000 0.5820 0.4060 0.1961 0.7084 0.5311 0.6123 0.2376 0.6080 0.2830 0.6918 0.1359 0.6960 0.6493 0.1353 0.7931 0.4378 0.7775 0.7237 0.8217 0.6412 0.6942 0.2498 0.1746 0.1748 0.7331 0.1886 0.3648 0.5994
ArgRS_AF_Vir_Megavirus_chiliensis_gene11257368 0.4064 0.4498 0.1821 0.4448 1.2097 1.3483 0.1789 0.7704 0.3374 0.0881 0.1927 0.5236 1.0898 0.5982 0.0989 0.4899 0.2015 0.6017 0.5820 0.0000 1.0926 0.3733 0.0715 0.2622 0.2750 0.5816 0.1431 0.8282 0.0826 0.5064 0.1775 0.1341 0.3959 0.1068 1.2841 0.1960 0.1475 0.0612 0.1630 0.3817 0.6025 0.3835 0.4614 0.1345 0.5264 0.2767 0.0609
CysRS_AF_Bact_Prochlorococcus_marinus_subsp_marinus_str_CCMP1375_gene54200571 0.4432 0.4873 0.7411 0.2965 0.4525 0.2727 0.9496 0.4649 0.7918 0.7248 0.7950 0.5398 0.3643 0.3973 0.7457 0.4008 0.7825 0.4558 0.4060 1.0926 0.0000 0.4951 0.7319 0.5328 0.7117 0.4866 0.6514 0.4848 0.8226 0.4046 0.6779 0.6196 0.4195 0.9286 0.4508 0.7410 0.7952 0.8215 0.9688 0.8939 0.4415 0.3313 0.4873 0.7205 0.4796 0.8531 0.8305
CysRS_AF_Euk_Arabidopsis_thaliana_gene833874 0.3690 0.3897 0.5931 1.2941 0.2102 0.6726 0.5343 0.6380 0.6856 0.5104 0.4395 0.4987 0.4139 0.6052 0.5159 0.6897 0.4859 0.3539 0.1961 0.3733 0.4951 0.0000 0.4924 0.6722 0.6191 0.4524 0.3797 0.5854 0.4603 0.3521 0.4742 0.6140 0.3046 0.3987 0.5660 0.6917 0.4039 0.5347 0.5636 0.5996 0.2788 0.2229 0.5001 0.4844 0.5697 0.8528 0.6165
ArgRS_AF_Euk_Paulinella_chromatophora_gene6481434 0.3767 0.6398 0.0977 1.1104 0.7690 0.8624 0.0867 0.7888 0.1826 0.0281 0.0723 0.6540 0.5406 0.5859 0.0343 0.4846 0.1468 0.8510 0.7084 0.0715 0.7319 0.4924 0.0000 0.1082 0.1403 0.6277 0.0867 1.1793 0.0714 0.4195 0.0830 0.0865 0.3115 0.0886 1.3469 0.1888 0.1716 0.1009 0.0779 0.2409 0.6782 0.2748 0.4461 0.0504 0.7154 0.1759 0.0827
ArgRS_PDB_Bact_1IQ0 0.5084 0.5453 0.1007 0.9262 0.8941 0.6385 0.1513 0.4537 0.3526 0.0962 0.1837 0.5628 0.8742 0.9215 0.1248 0.5738 0.2738 0.7408 0.5311 0.2622 0.5328 0.6722 0.1082 0.0000 0.2419 0.5798 0.2082 1.1385 0.1533 0.4340 0.1364 0.1277 0.4187 0.1380 0.8259 0.3049 0.1606 0.2631 0.2032 0.2503 0.8261 0.4391 0.4590 0.1806 0.5092 0.3276 0.2534
ArgRS_AF_Bact_Corynebacterium_ulcerans_809_gene75260071 0.5103 0.6589 0.1124 0.7066 1.0422 0.6105 0.1585 0.4984 0.1094 0.1802 0.1514 0.5049 0.6059 0.7158 0.1780 0.5318 0.1376 0.6520 0.6123 0.2750 0.7117 0.6191 0.1403 0.2419 0.0000 0.5250 0.2270 0.7036 0.1898 0.4159 0.0964 0.0910 0.5150 0.0930 0.7911 0.0863 0.2384 0.2180 0.2790 0.3031 0.6414 0.4028 0.4652 0.1460 0.4950 0.1075 0.2146
CysRS_AF_Bact_Streptobacillus_moniliformis_DSM_12112_gene29673427 0.2860 0.2940 0.6992 0.6286 0.2708 0.3059 0.6820 0.3110 0.5881 0.6532 1.0153 0.2884 0.3149 0.4426 0.5540 0.3737 0.5635 0.2528 0.2376 0.5816 0.4866 0.4524 0.6277 0.5798 0.5250 0.0000 0.8103 0.3540 0.7259 0.2064 0.6051 0.7902 0.1873 0.7619 0.2830 0.7760 0.6376 0.6524 0.5835 0.6622 0.1665 0.3902 0.2559 0.5932 0.2305 0.6513 0.6332
ArgRS_AF_Mito_Caenorhabditis_elegans_gene174023 0.4463 0.6658 0.1760 0.9755 0.4972 1.0575 0.1659 0.4581 0.2998 0.0983 0.1894 0.4411 0.5925 0.9531 0.1294 0.5128 0.1869 0.8325 0.6080 0.1431 0.6514 0.3797 0.0867 0.2082 0.2270 0.8103 0.0000 0.6468 0.1784 0.3659 0.1562 0.1140 0.5349 0.1384 1.1959 0.2413 0.1240 0.1597 0.2528 0.2551 0.4323 0.4081 0.6305 0.0830 0.5742 0.3521 0.1522
CysRS_AF_Bact_Mycobacterium_canettii_CIPT_140010059_gene45427568 0.3534 0.5182 0.8138 0.4054 0.3738 0.3355 1.3863 0.3744 1.1727 1.1819 1.2124 0.3575 0.4270 0.4286 1.1326 0.4427 1.2499 0.2881 0.2830 0.8282 0.4848 0.5854 1.1793 1.1385 0.7036 0.3540 0.6468 0.0000 1.1868 0.3818 1.3107 0.6945 0.3630 1.1524 0.2058 1.1722 0.7561 1.1063 1.1212 0.2565 0.3493 0.5292 0.5118 1.1145 0.9569 1.2494 1.1114
ArgRS_AF_Bact_Chlamydia_psittaci_6BC_gene12242456 0.5855 0.7671 0.1196 0.9294 0.5313 1.3792 0.1527 0.9718 0.1454 0.0743 0.1057 0.6157 1.0256 0.9867 0.0782 0.6753 0.1024 0.7823 0.6918 0.0826 0.8226 0.4603 0.0714 0.1533 0.1898 0.7259 0.1784 1.1868 0.0000 0.5485 0.0674 0.1092 0.5098 0.1106 1.0654 0.1849 0.1255 0.0791 0.0591 0.2440 0.5456 0.3499 0.5895 0.0789 0.5835 0.1936 0.0919
CysRS_AF_Euk_Cyanidioschyzon_merolae_strain_10D_gene16993418 0.1921 0.1045 0.6399 0.4376 0.2116 0.3589 0.6146 0.3815 0.4790 0.3654 0.6525 0.1163 0.3686 0.4781 0.4084 0.2614 0.6808 0.5019 0.1359 0.5064 0.4046 0.3521 0.4195 0.4340 0.4159 0.2064 0.3659 0.3818 0.5485 0.0000 0.5538 0.4192 0.1971 0.5658 0.3536 0.5677 0.6309 0.6505 0.6775 0.8629 0.2548 0.2172 0.1661 0.5956 0.1412 0.4783 0.5262
ArgRS_AF_Arch_Candidatus_Nitrosopumilus_sediminis_gene13697696 0.4919 0.7245 0.0439 0.7846 0.7257 1.1850 0.0865 1.0443 0.1464 0.0769 0.0883 0.6223 0.9849 0.7811 0.0789 0.6872 0.0699 0.6692 0.6960 0.1775 0.6779 0.4742 0.0830 0.1364 0.0964 0.6051 0.1562 1.3107 0.0674 0.5538 0.0000 0.0616 0.5324 0.1208 1.3038 0.1830 0.0906 0.1306 0.1161 0.1597 0.6274 0.4285 0.7567 0.1303 0.5475 0.1261 0.1237
ArgRS_AF_Mito_Homo_sapiens_gene57038 0.4133 0.6375 0.0607 0.7206 0.4590 0.5868 0.1194 0.6365 0.1218 0.0821 0.1035 0.5523 0.3796 0.9789 0.1012 0.6208 0.1011 0.7815 0.6493 0.1341 0.6196 0.6140 0.0865 0.1277 0.0910 0.7902 0.1140 0.6945 0.1092 0.4192 0.0616 0.0000 0.4398 0.0729 0.9045 0.1289 0.0977 0.1560 0.1286 0.1829 0.5650 0.3151 0.4676 0.1060 0.6340 0.1766 0.1512
CysRS_AF_Mito_Morone_saxatilis_gene118339815 0.0213 0.1984 0.4877 0.5417 0.1857 0.3649 0.4014 0.3789 0.5003 0.3882 0.5025 0.2397 0.2371 0.4130 0.3504 0.2304 0.4898 0.3130 0.1353 0.3959 0.4195 0.3046 0.3115 0.4187 0.5150 0.1873 0.5349 0.3630 0.5098 0.1971 0.5324 0.4398 0.0000 0.5474 0.3269 0.5657 0.3403 0.5762 0.5417 0.6684 0.2531 0.1904 0.2045 0.4518 0.2534 0.3756 0.3872
ArgRS_AF_Bact_Streptobacillus_moniliformis_DSM_12112_gene29674021 0.4887 0.7050 0.1245 0.6795 0.7169 0.4341 0.0905 1.0146 0.1246 0.0718 0.0927 0.4697 0.6381 0.3978 0.0787 0.5457 0.1616 0.8784 0.7931 0.1068 0.9286 0.3987 0.0886 0.1380 0.0930 0.7619 0.1384 1.1524 0.1106 0.5658 0.1208 0.0729 0.5474 0.0000 1.2820 0.0787 0.1869 0.1761 0.1178 0.3060 0.9351 0.3942 0.6161 0.0947 0.7963 0.2230 0.1827
CysRS_AF_Bact_Bordetella_avium_197N_gene41394405 0.3285 0.4647 1.1481 0.2801 0.3904 0.1512 0.9521 0.2352 1.3595 1.5291 1.2247 0.4733 0.3114 0.5447 1.2196 0.3953 0.8026 0.2467 0.4378 1.2841 0.4508 0.5660 1.3469 0.8259 0.7911 0.2830 1.1959 0.2058 1.0654 0.3536 1.3038 0.9045 0.3269 1.2820 0.0000 1.4063 0.7665 0.8231 0.9375 0.9554 0.2830 0.4143 0.4275 1.0375 0.5044 1.0456 0.8259
ArgRS_AF_Bact_Anoxybacillus_flavithermus_WK1_gene7039015 0.5655 0.7044 0.1357 0.9867 0.5806 0.5361 0.1247 0.5857 0.0710 0.1949 0.0945 0.4502 0.5613 0.9676 0.2215 0.4949 0.1669 0.7079 0.7775 0.1960 0.7410 0.6917 0.1888 0.3049 0.0863 0.7760 0.2413 1.1722 0.1849 0.5677 0.1830 0.1289 0.5657 0.0787 1.4063 0.0000 0.3002 0.3518 0.2379 0.3430 0.5694 0.4688 0.6263 0.1625 0.5928 0.1001 0.3787
ArgRS_PDB_Euk_S_cerevisiae_1BS2 0.5092 0.5784 0.1116 0.6870 0.3510 0.5822 0.1135 0.6793 0.2853 0.0646 0.1850 0.6670 0.5579 0.4511 0.0976 0.4949 0.1805 0.8246 0.7237 0.1475 0.7952 0.4039 0.1716 0.1606 0.2384 0.6376 0.1240 0.7561 0.1255 0.6309 0.0906 0.0977 0.3403 0.1869 0.7665 0.3002 0.0000 0.1261 0.1463 0.1761 0.5916 0.4798 0.5022 0.2069 0.6906 0.2449 0.1172
ArgRS_AF_Euk_Polyodon_spathula_gene121324634 0.5410 0.7315 0.1594 0.7134 0.4945 0.3980 0.2080 0.7056 0.2362 0.0850 0.2326 0.5556 0.4759 0.8339 0.0813 0.5030 0.2141 0.6518 0.8217 0.0612 0.8215 0.5347 0.1009 0.2631 0.2180 0.6524 0.1597 1.1063 0.0791 0.6505 0.1306 0.1560 0.5762 0.1761 0.8231 0.3518 0.1261 0.0000 0.1860 0.2339 0.6309 0.4423 0.5412 0.0882 0.5805 0.1532 0.0028
ArgRS_AF_Euk_Thalassiosira_pseudonana_CCMP1335_gene7449555 0.6307 0.4519 0.1414 0.7779 0.9795 1.1209 0.2128 1.0217 0.2381 0.0765 0.1563 0.4313 0.8447 0.6577 0.1012 0.4925 0.3023 0.6481 0.6412 0.1630 0.9688 0.5636 0.0779 0.2032 0.2790 0.5835 0.2528 1.1212 0.0591 0.6775 0.1161 0.1286 0.5417 0.1178 0.9375 0.2379 0.1463 0.1860 0.0000 0.2279 0.7431 0.4735 0.3550 0.1004 0.5007 0.2426 0.1968
ArgRS_AF_Arch_Desulfurococcus_mucosus_DSM_2162_gene10153309 0.6041 0.9060 0.1487 0.9411 0.5193 0.7397 0.2460 0.3897 0.4476 0.2294 0.2084 0.7351 0.4984 0.4900 0.1930 0.6783 0.1812 0.2807 0.6942 0.3817 0.8939 0.5996 0.2409 0.2503 0.3031 0.6622 0.2551 0.2565 0.2440 0.8629 0.1597 0.1829 0.6684 0.3060 0.9554 0.3430 0.1761 0.2339 0.2279 0.0000 0.5589 0.6039 0.7774 0.1984 0.6704 0.2651 0.2331
CysRS_AF_Arch_Aciduliprofundum_boonei_T469_gene8827372 0.2077 0.2476 0.8711 0.6078 0.1474 0.2460 0.6656 0.3252 0.6960 0.6537 0.8471 0.2252 0.3469 0.3794 0.8797 0.2312 0.5877 0.3123 0.2498 0.6025 0.4415 0.2788 0.6782 0.8261 0.6414 0.1665 0.4323 0.3493 0.5456 0.2548 0.6274 0.5650 0.2531 0.9351 0.2830 0.5694 0.5916 0.6309 0.7431 0.5589 0.0000 0.2009 0.2841 0.5287 0.2528 0.7773 0.6133
CysRS_AF_Euk_Micromonas_commoda_gene8246535 0.2069 0.2944 0.4391 0.4717 0.1717 0.3021 0.3309 0.4050 0.4653 0.3772 0.3711 0.2613 0.3708 0.4236 0.4811 0.4756 0.4177 0.2643 0.1746 0.3835 0.3313 0.2229 0.2748 0.4391 0.4028 0.3902 0.4081 0.5292 0.3499 0.2172 0.4285 0.3151 0.1904 0.3942 0.4143 0.4688 0.4798 0.4423 0.4735 0.6039 0.2009 0.0000 0.1608 0.3217 0.2965 0.4041 0.4497
CysRS_AF_Mito_Saccharomyces_cerevisiae_S288C_gene855474 0.2156 0.0970 0.4880 0.8843 0.2944 0.4431 0.5480 0.4127 0.6142 0.4200 0.5225 0.0671 0.4239 0.4674 0.4199 0.2865 0.7443 0.4198 0.1748 0.4614 0.4873 0.5001 0.4461 0.4590 0.4652 0.2559 0.6305 0.5118 0.5895 0.1661 0.7567 0.4676 0.2045 0.6161 0.4275 0.6263 0.5022 0.5412 0.3550 0.7774 0.2841 0.1608 0.0000 0.3628 0.1402 0.4927 0.6042
ArgRS_AF_Euk_Micromonas_commoda_gene8250062 0.5392 0.6394 0.1348 0.6449 0.3863 0.9241 0.0867 0.6327 0.1427 0.0740 0.0882 0.5293 0.5205 0.8800 0.0876 0.4433 0.1292 0.7787 0.7331 0.1345 0.7205 0.4844 0.0504 0.1806 0.1460 0.5932 0.0830 1.1145 0.0789 0.5956 0.1303 0.1060 0.4518 0.0947 1.0375 0.1625 0.2069 0.0882 0.1004 0.1984 0.5287 0.3217 0.3628 0.0000 0.5518 0.1841 0.0864
CysRS_AF_Vir_Megavirus_chiliensis_gene11257271 0.2117 0.1349 0.5680 0.8921 0.2438 0.4498 0.6448 0.4859 0.5462 0.5164 0.8151 0.1763 0.3399 0.6838 0.4935 0.2909 0.6677 0.4140 0.1886 0.5264 0.4796 0.5697 0.7154 0.5092 0.4950 0.2305 0.5742 0.9569 0.5835 0.1412 0.5475 0.6340 0.2534 0.7963 0.5044 0.5928 0.6906 0.5805 0.5007 0.6704 0.2528 0.2965 0.1402 0.5518 0.0000 0.6193 0.5312
ArgRS_AF_Bact_Mycoplasma_hyopneumoniae_168-L_gene57100855 0.4215 0.4486 0.1802 0.9213 0.8244 1.0319 0.1390 1.0082 0.0926 0.1063 0.1476 0.4616 0.8089 0.9033 0.1282 0.4383 0.1326 0.7106 0.3648 0.2767 0.8531 0.8528 0.1759 0.3276 0.1075 0.6513 0.3521 1.2494 0.1936 0.4783 0.1261 0.1766 0.3756 0.2230 1.0456 0.1001 0.2449 0.1532 0.2426 0.2651 0.7773 0.4041 0.4927 0.1841 0.6193 0.0000 0.1536
ArgRS_AF_Euk_Homo_sapiens_gene5917 0.4810 0.5204 0.1635 0.6276 0.7143 0.5704 0.1987 1.1308 0.2340 0.0714 0.1984 0.6565 0.5865 0.7798 0.0934 0.4507 0.2130 0.6656 0.5994 0.0609 0.8305 0.6165 0.0827 0.2534 0.2146 0.6332 0.1522 1.1114 0.0919 0.5262 0.1237 0.1512 0.3872 0.1827 0.8259 0.3787 0.1172 0.0028 0.1968 0.2331 0.6133 0.4497 0.6042 0.0864 0.5312 0.1536 0.0000
