47
ArgRS_PDB_Arch_2ZUF 0.0000 0.5495 0.3011 0.0845 0.1497 0.1067 0.1942 0.0664 0.3722 0.0723 0.4086 0.0919 0.4199 0.1113 0.1081 0.3652 0.4028 0.5848 0.1222 0.6363 0.4652 0.1428 0.4657 0.1582 0.5430 0.3320 0.1784 0.6485 0.5818 0.2838 0.0925 0.2918 0.1146 0.6533 0.3333 0.1172 0.3589 0.1021 0.1562 0.2988 0.1129 0.1239 0.4911 0.2088 0.1211 0.4084 0.1156
CysRS_PDB_Bact_M_smegmatis_3C8Z 0.5495 0.0000 0.2645 0.6215 0.6216 0.6986 0.4545 0.4668 0.2806 0.4787 0.2071 0.6096 0.1628 0.5485 0.3756 0.2014 0.3161 0.2567 0.4750 0.2414 0.3206 0.4008 0.2789 0.6960 0.1597 0.2359 0.5826 0.3188 0.1717 0.2410 0.5114 0.2123 0.5130 0.2670 0.2753 0.5772 0.3393 0.5140 0.7104 0.2377 0.6754 0.6635 0.2358 0.3792 0.7314 0.2935 0.5346
CysRS_AF_Euk_Drosophila_melanogaster_gene36784 0.3011 0.2645 0.0000 0.3538 0.3407 0.4299 0.2589 0.2620 0.0881 0.2714 0.3973 0.3019 0.2621 0.3027 0.2682 0.1769 0.1152 0.3420 0.3214 0.3667 0.3316 0.2702 0.1906 0.2586 0.2694 0.2095 0.3441 0.2051 0.2306 0.0649 0.3287 0.1993 0.2875 0.5065 0.0899 0.3670 0.2799 0.2920 0.4475 0.0443 0.2970 0.2933 0.1909 0.2708 0.4549 0.2605 0.3079
ArgRS_AF_Arch_Candidatus_Nitrosopumilus_sediminis_gene13697696 0.0845 0.6215 0.3538 0.0000 0.1590 0.0908 0.1224 0.0753 0.4650 0.0893 0.4704 0.1103 0.4357 0.1317 0.1122 0.3515 0.3678 0.4338 0.0597 0.6312 0.5919 0.0952 0.3704 0.0664 0.5973 0.3617 0.0865 0.6700 0.6140 0.3612 0.0759 0.4074 0.0718 0.6568 0.3702 0.0846 0.4334 0.1104 0.1643 0.3893 0.1741 0.1572 0.4487 0.1475 0.0416 0.3727 0.0813
ArgRS_AF_Vir_Megavirus_chiliensis_gene11257368 0.1497 0.6216 0.3407 0.1590 0.0000 0.1303 0.0535 0.0788 0.4121 0.0690 0.4740 0.1013 0.3799 0.1873 0.1258 0.4012 0.3980 0.6203 0.1143 0.5924 0.5309 0.1426 0.3234 0.1425 0.5724 0.3259 0.1147 0.6838 0.6176 0.3452 0.0810 0.3240 0.1080 0.6461 0.3121 0.1867 0.4279 0.1918 0.2409 0.3405 0.1846 0.1310 0.4481 0.0535 0.1471 0.3598 0.2162
ArgRS_PDB_Euk_S_cerevisiae_1BS2 0.1067 0.6986 0.4299 0.0908 0.1303 0.0000 0.1003 0.0660 0.5631 0.1390 0.5061 0.1261 0.5086 0.1666 0.1571 0.2719 0.5141 0.5559 0.0690 0.5783 0.5677 0.1316 0.4642 0.1078 0.5520 0.3615 0.1445 0.4698 0.5208 0.3247 0.0864 0.3967 0.0992 0.6660 0.3768 0.1731 0.3142 0.1711 0.1799 0.3570 0.2274 0.1233 0.3999 0.0982 0.1187 0.3841 0.1232
ArgRS_AF_Euk_Polyodon_spathula_gene121324634 0.1942 0.4545 0.2589 0.1224 0.0535 0.1003 0.0000 0.0692 0.4749 0.1199 0.4176 0.1581 0.3674 0.1639 0.0899 0.4359 0.3556 0.4556 0.1366 0.6187 0.4738 0.1344 0.3232 0.1837 0.4919 0.3324 0.1765 0.6700 0.5305 0.3018 0.0842 0.3878 0.0772 0.6786 0.4137 0.1960 0.3742 0.2133 0.2512 0.2550 0.2317 0.1451 0.4400 0.0028 0.1281 0.3820 0.1998
ArgRS_AF_Bact_Prochlorococcus_marinus_subsp_marinus_str_CCMP1375_gene54199571 0.0664 0.4668 0.2620 0.0753 0.0788 0.0660 0.0692 0.0000 0.3897 0.0338 0.4044 0.0760 0.3969 0.1413 0.0641 0.3065 0.3421 0.5009 0.0760 0.4734 0.5133 0.0666 0.3537 0.1547 0.5437 0.2885 0.1102 0.5421 0.5221 0.3008 0.0396 0.2823 0.0842 0.5657 0.3470 0.0735 0.3599 0.1184 0.1967 0.2742 0.1819 0.0936 0.4454 0.0683 0.0975 0.3766 0.0878
CysRS_AF_Vir_Megavirus_chiliensis_gene11257271 0.3722 0.2806 0.0881 0.4650 0.4121 0.5631 0.4749 0.3897 0.0000 0.4462 0.3335 0.5087 0.2540 0.3455 0.4333 0.1734 0.1773 0.4773 0.4912 0.3917 0.4473 0.3891 0.2182 0.3674 0.3222 0.1866 0.3097 0.6159 0.3408 0.1206 0.4245 0.2290 0.4215 0.3295 0.1167 0.4216 0.3524 0.3553 0.4467 0.1121 0.3957 0.3774 0.2359 0.4182 0.4996 0.2370 0.3114
ArgRS_AF_Euk_Paulinella_chromatophora_gene6481434 0.0723 0.4787 0.2714 0.0893 0.0690 0.1390 0.1199 0.0338 0.4462 0.0000 0.4147 0.0929 0.3969 0.0967 0.0491 0.2972 0.3547 0.5316 0.0829 0.5426 0.4336 0.0755 0.3574 0.0961 0.6143 0.2974 0.1315 0.6190 0.5261 0.3453 0.0312 0.2658 0.0689 0.5763 0.3565 0.0968 0.3075 0.1061 0.1761 0.2988 0.1634 0.0830 0.4162 0.0919 0.0962 0.3305 0.0935
CysRS_AF_Bact_Porphyromonas_gingivalis_ATCC_33277_gene29256960 0.4086 0.2071 0.3973 0.4704 0.4740 0.5061 0.4176 0.4044 0.3335 0.4147 0.0000 0.4751 0.2129 0.4072 0.4363 0.2915 0.2764 0.3459 0.4496 0.3201 0.4376 0.4416 0.2058 0.4499 0.2632 0.4514 0.4575 0.3629 0.3059 0.2384 0.4492 0.2410 0.4798 0.3509 0.3465 0.5542 0.2586 0.3967 0.4911 0.3875 0.5166 0.5714 0.3214 0.4163 0.4708 0.1955 0.4442
ArgRS_AF_Bact_Streptobacillus_moniliformis_DSM_12112_gene29674021 0.0919 0.6096 0.3019 0.1103 0.1013 0.1261 0.1581 0.0760 0.5087 0.0929 0.4751 0.0000 0.4316 0.1675 0.0850 0.3410 0.5868 0.6245 0.0944 0.6293 0.6628 0.1157 0.4748 0.1163 0.6199 0.3528 0.1060 0.7223 0.6428 0.3791 0.0757 0.3129 0.0976 0.6698 0.3980 0.1136 0.3025 0.1053 0.2059 0.4203 0.0898 0.1258 0.5685 0.1634 0.0939 0.4222 0.1372
CysRS_AF_Arch_Pyrobaculum_ferrireducens_gene11593896 0.4199 0.1628 0.2621 0.4357 0.3799 0.5086 0.3674 0.3969 0.2540 0.3969 0.2129 0.4316 0.0000 0.3395 0.3989 0.2568 0.2334 0.2701 0.3755 0.3148 0.3081 0.4094 0.2617 0.3758 0.2643 0.2081 0.3537 0.3076 0.2890 0.2675 0.4120 0.3375 0.3959 0.4465 0.2393 0.4478 0.2571 0.3707 0.4834 0.2594 0.3598 0.3648 0.2418 0.3678 0.3887 0.1709 0.4511
ArgRS_AF_Bact_Mycoplasma_hyopneumoniae_168-L_gene57100855 0.1113 0.5485 0.3027 0.1317 0.1873 0.1666 0.1639 0.1413 0.3455 0.0967 0.4072 0.1675 0.3395 0.0000 0.1096 0.2750 0.3236 0.4553 0.1625 0.6023 0.6007 0.1758 0.3223 0.1187 0.5245 0.2672 0.0828 0.6546 0.6243 0.3431 0.1227 0.2722 0.1181 0.5818 0.3398 0.1351 0.5565 0.1229 0.2249 0.2873 0.0941 0.2256 0.4317 0.1518 0.1649 0.3317 0.1782
ArgRS_AF_Euk_Micromonas_commoda_gene8250062 0.1081 0.3756 0.2682 0.1122 0.1258 0.1571 0.0899 0.0641 0.4333 0.0491 0.4363 0.0850 0.3989 0.1096 0.0000 0.3769 0.4171 0.5141 0.1006 0.5960 0.5108 0.0992 0.4928 0.1695 0.6439 0.3874 0.1379 0.4577 0.5385 0.2465 0.0672 0.2870 0.0622 0.5454 0.3489 0.1063 0.3064 0.1250 0.1435 0.3273 0.1719 0.1425 0.4103 0.0957 0.1121 0.3643 0.1036
CysRS_AF_Mito_Morone_saxatilis_gene118339815 0.3652 0.2014 0.1769 0.3515 0.4012 0.2719 0.4359 0.3065 0.1734 0.2972 0.2915 0.3410 0.2568 0.2750 0.3769 0.0000 0.1246 0.3714 0.2914 0.2112 0.3622 0.2930 0.2102 0.3308 0.2628 0.0211 0.3297 0.2426 0.2901 0.1729 0.2899 0.1798 0.3863 0.3571 0.1808 0.2972 0.2363 0.4056 0.3216 0.2052 0.4480 0.3394 0.1737 0.3174 0.3345 0.1420 0.3156
CysRS_AF_Bact_Lactobacillus_amylovorus_GRL1118_gene66523130 0.4028 0.3161 0.1152 0.3678 0.3980 0.5141 0.3556 0.3421 0.1773 0.3547 0.2764 0.5868 0.2334 0.3236 0.4171 0.1246 0.0000 0.2469 0.4879 0.2099 0.3460 0.3417 0.1495 0.3412 0.2115 0.1259 0.3092 0.2061 0.3218 0.1401 0.3167 0.1623 0.3979 0.3910 0.1202 0.4262 0.1627 0.3493 0.5779 0.1015 0.3745 0.4287 0.2078 0.3614 0.3759 0.2020 0.3688
CysRS_AF_Bact_Prochlorococcus_marinus_subsp_marinus_str_CCMP1375_gene54200571 0.5848 0.2567 0.3420 0.4338 0.6203 0.5559 0.4556 0.5009 0.4773 0.5316 0.3459 0.6245 0.2701 0.4553 0.5141 0.3714 0.2469 0.0000 0.4240 0.2661 0.4304 0.5203 0.3932 0.5358 0.2132 0.3267 0.5383 0.4115 0.3108 0.3480 0.5317 0.3220 0.5302 0.3879 0.3382 0.5499 0.3586 0.4683 0.5920 0.3391 0.5343 0.5035 0.2793 0.5244 0.5686 0.2664 0.5180
ArgRS_AF_Mito_Homo_sapiens_gene57038 0.1222 0.4750 0.3214 0.0597 0.1143 0.0690 0.1366 0.0760 0.4912 0.0829 0.4496 0.0944 0.3755 0.1625 0.1006 0.2914 0.4879 0.4240 0.0000 0.6139 0.5523 0.1125 0.5189 0.0906 0.5753 0.3081 0.1008 0.4290 0.5855 0.3024 0.1247 0.3317 0.0922 0.6753 0.4469 0.1016 0.2828 0.1070 0.1797 0.4032 0.1540 0.1121 0.4162 0.1374 0.0595 0.3953 0.0952
CysRS_AF_Bact_Bordetella_avium_197N_gene41394405 0.6363 0.2414 0.3667 0.6312 0.5924 0.5783 0.6187 0.4734 0.3917 0.5426 0.3201 0.6293 0.3148 0.6023 0.5960 0.2112 0.2099 0.2661 0.6139 0.0000 0.4201 0.4985 0.2761 0.6379 0.1167 0.2852 0.5912 0.2239 0.2263 0.3436 0.5722 0.3165 0.5323 0.3780 0.2902 0.6837 0.2930 0.6157 0.7095 0.3437 0.6602 0.7030 0.2646 0.5204 0.6403 0.2614 0.6922
CysRS_AF_Bact_Treponema_pallidum_subsp_pertenue_str_SamoaD_gene57878631 0.4652 0.3206 0.3316 0.5919 0.5309 0.5677 0.4738 0.5133 0.4473 0.4336 0.4376 0.6628 0.3081 0.6007 0.5108 0.3622 0.3460 0.4304 0.5523 0.4201 0.0000 0.4718 0.2460 0.6215 0.3264 0.4325 0.6291 0.3569 0.2863 0.4123 0.4676 0.2969 0.5039 0.4138 0.3749 0.5843 0.4612 0.4844 0.4878 0.3480 0.5922 0.6626 0.3244 0.4951 0.6398 0.4768 0.6028
ArgRS_AF_Euk_Thalassiosira_pseudonana_CCMP1335_gene7449555 0.1428 0.4008 0.2702 0.0952 0.1426 0.1316 0.1344 0.0666 0.3891 0.0755 0.4416 0.1157 0.4094 0.1758 0.0992 0.2930 0.3417 0.5203 0.1125 0.4985 0.4718 0.0000 0.3586 0.1240 0.5762 0.3541 0.1616 0.3310 0.4859 0.2854 0.0894 0.3591 0.0884 0.5829 0.5448 0.1440 0.4239 0.1525 0.1953 0.3171 0.1963 0.1797 0.4224 0.1457 0.0924 0.4238 0.1294
CysRS_AF_Bact_Streptobacillus_moniliformis_DSM_12112_gene29673427 0.4657 0.2789 0.1906 0.3704 0.3234 0.4642 0.3232 0.3537 0.2182 0.3574 0.2058 0.4748 0.2617 0.3223 0.4928 0.2102 0.1495 0.3932 0.5189 0.2761 0.2460 0.3586 0.0000 0.5305 0.2137 0.2279 0.4889 0.2879 0.2996 0.1508 0.4131 0.2236 0.3359 0.5648 0.1625 0.5170 0.2672 0.3011 0.5352 0.2847 0.4885 0.5249 0.1535 0.2933 0.5032 0.1565 0.4677
ArgRS_AF_Bact_Cupriavidus_taiwanensis_LMG_19424_gene29762022 0.1582 0.6960 0.2586 0.0664 0.1425 0.1078 0.1837 0.1547 0.3674 0.0961 0.4499 0.1163 0.3758 0.1187 0.1695 0.3308 0.3412 0.5358 0.0906 0.6379 0.6215 0.1240 0.5305 0.0000 0.7008 0.2839 0.1395 0.6714 0.5689 0.3452 0.1117 0.3707 0.0986 0.6389 0.5154 0.1442 0.3720 0.1282 0.1736 0.4283 0.1292 0.1407 0.4588 0.1882 0.0853 0.5317 0.1520
CysRS_PDB_Bact_E_coli_1LI5 0.5430 0.1597 0.2694 0.5973 0.5724 0.5520 0.4919 0.5437 0.3222 0.6143 0.2632 0.6199 0.2643 0.5245 0.6439 0.2628 0.2115 0.2132 0.5753 0.1167 0.3264 0.5762 0.2137 0.7008 0.0000 0.2071 0.5136 0.2883 0.2026 0.2378 0.6043 0.2440 0.5988 0.3117 0.2378 0.5199 0.3001 0.4816 0.5785 0.2839 0.4991 0.6520 0.2084 0.5288 0.5711 0.2349 0.6171
CysRS_AF_Mito_Homo_sapiens_gene79587 0.3320 0.2359 0.2095 0.3617 0.3259 0.3615 0.3324 0.2885 0.1866 0.2974 0.4514 0.3528 0.2081 0.2672 0.3874 0.0211 0.1259 0.3267 0.3081 0.2852 0.4325 0.3541 0.2279 0.2839 0.2071 0.0000 0.3586 0.3089 0.2657 0.2056 0.3402 0.2117 0.3149 0.3716 0.1798 0.3201 0.1879 0.3501 0.3132 0.1834 0.4072 0.3760 0.1790 0.3229 0.3725 0.1753 0.3140
ArgRS_AF_Bact_Corynebacterium_ulcerans_809_gene75260071 0.1784 0.5826 0.3441 0.0865 0.1147 0.1445 0.1765 0.1102 0.3097 0.1315 0.4575 0.1060 0.3537 0.0828 0.1379 0.3297 0.3092 0.5383 0.1008 0.5912 0.6291 0.1616 0.4889 0.1395 0.5136 0.3586 0.0000 0.6850 0.5419 0.3026 0.1557 0.3218 0.1440 0.5979 0.3306 0.1405 0.3656 0.0751 0.2420 0.3158 0.0796 0.1903 0.4223 0.1675 0.1037 0.4699 0.1640
CysRS_AF_Bact_Mycobacterium_canettii_CIPT_140010059_gene45427568 0.6485 0.3188 0.2051 0.6700 0.6838 0.4698 0.6700 0.5421 0.6159 0.6190 0.3629 0.7223 0.3076 0.6546 0.4577 0.2426 0.2061 0.4115 0.4290 0.2239 0.3569 0.3310 0.2879 0.6714 0.2883 0.3089 0.6850 0.0000 0.3372 0.2352 0.6839 0.2705 0.6925 0.3936 0.3181 0.6917 0.4140 0.6828 0.6505 0.3521 0.6568 0.7344 0.3111 0.6714 0.6742 0.2510 0.6957
CysRS_AF_Arch_Methanospirillum_hungatei_JF-1_gene3922979 0.5818 0.1717 0.2306 0.6140 0.6176 0.5208 0.5305 0.5221 0.3408 0.5261 0.3059 0.6428 0.2890 0.6243 0.5385 0.2901 0.3218 0.3108 0.5855 0.2263 0.2863 0.4859 0.2996 0.5689 0.2026 0.2657 0.5419 0.3372 0.0000 0.3848 0.5209 0.3200 0.6758 0.3799 0.3192 0.5707 0.4805 0.4997 0.6035 0.3043 0.5988 0.5731 0.1760 0.5335 0.5712 0.2312 0.5743
CysRS_AF_Mito_Saccharomyces_cerevisiae_S288C_gene855474 0.2838 0.2410 0.0649 0.3612 0.3452 0.3247 0.3018 0.3008 0.1206 0.3453 0.2384 0.3791 0.2675 0.3431 0.2465 0.1729 0.1401 0.3480 0.3024 0.3436 0.4123 0.2854 0.1508 0.3452 0.2378 0.2056 0.3026 0.2352 0.3848 0.0000 0.3339 0.1360 0.3921 0.4251 0.1296 0.2630 0.3158 0.2751 0.3654 0.0924 0.3497 0.3513 0.1991 0.3728 0.3490 0.1878 0.2838
ArgRS_AF_Bact_Escherichia_coli_O157:H7_str._Sakai_gene912519 0.0925 0.5114 0.3287 0.0759 0.0810 0.0864 0.0842 0.0396 0.4245 0.0312 0.4492 0.0757 0.4120 0.1227 0.0672 0.2899 0.3167 0.5317 0.1247 0.5722 0.4676 0.0894 0.4131 0.1117 0.6043 0.3402 0.1557 0.6839 0.5209 0.3339 0.0000 0.3611 0.0832 0.6201 0.3403 0.1569 0.3938 0.1431 0.1495 0.3044 0.1748 0.1259 0.4087 0.0833 0.1220 0.3625 0.1240
CysRS_AF_Euk_Micromonas_commoda_gene8246535 0.2918 0.2123 0.1993 0.4074 0.3240 0.3967 0.3878 0.2823 0.2290 0.2658 0.2410 0.3129 0.3375 0.2722 0.2870 0.1798 0.1623 0.3220 0.3317 0.3165 0.2969 0.3591 0.2236 0.3707 0.2440 0.2117 0.3218 0.2705 0.3200 0.1360 0.3611 0.0000 0.3255 0.5167 0.1590 0.2685 0.2115 0.3357 0.4858 0.2297 0.3334 0.3809 0.2044 0.3452 0.3850 0.2272 0.3385
ArgRS_AF_Bact_Chlamydia_psittaci_6BC_gene12242456 0.1146 0.5130 0.2875 0.0718 0.1080 0.0992 0.0772 0.0842 0.4215 0.0689 0.4798 0.0976 0.3959 0.1181 0.0622 0.3863 0.3979 0.5302 0.0922 0.5323 0.5039 0.0884 0.3359 0.0986 0.5988 0.3149 0.1440 0.6925 0.6758 0.3921 0.0832 0.3255 0.0000 0.6655 0.3932 0.1140 0.4842 0.1240 0.1641 0.4714 0.1525 0.1583 0.4654 0.0917 0.1275 0.3693 0.1029
CysRS_AF_Bact_Mycoplasma_hyopneumoniae_168-L_gene57101512 0.6533 0.2670 0.5065 0.6568 0.6461 0.6660 0.6786 0.5657 0.3295 0.5763 0.3509 0.6698 0.4465 0.5818 0.5454 0.3571 0.3910 0.3879 0.6753 0.3780 0.4138 0.5829 0.5648 0.6389 0.3117 0.3716 0.5979 0.3936 0.3799 0.4251 0.6201 0.5167 0.6655 0.0000 0.5650 0.6143 0.6669 0.6263 0.7048 0.6871 0.5898 0.6736 0.4466 0.6361 0.6033 0.3428 0.5894
CysRS_AF_Euk_Cyanidioschyzon_merolae_strain_10D_gene16993418 0.3333 0.2753 0.0899 0.3702 0.3121 0.3768 0.4137 0.3470 0.1167 0.3565 0.3465 0.3980 0.2393 0.3398 0.3489 0.1808 0.1202 0.3382 0.4469 0.2902 0.3749 0.5448 0.1625 0.5154 0.2378 0.1798 0.3306 0.3181 0.3192 0.1296 0.3403 0.1590 0.3932 0.5650 0.0000 0.3660 0.3229 0.3770 0.4629 0.0785 0.3712 0.3072 0.1695 0.3748 0.4104 0.1487 0.2969
ArgRS_AF_Arch_Methanothermococcus_okinawensis_IH1_gene10773248 0.1172 0.5772 0.3670 0.0846 0.1867 0.1731 0.1960 0.0735 0.4216 0.0968 0.5542 0.1136 0.4478 0.1351 0.1063 0.2972 0.4262 0.5499 0.1016 0.6837 0.5843 0.1440 0.5170 0.1442 0.5199 0.3201 0.1405 0.6917 0.5707 0.2630 0.1569 0.2685 0.1140 0.6143 0.3660 0.0000 0.3729 0.1326 0.2181 0.3021 0.0894 0.1435 0.4785 0.1953 0.0687 0.4052 0.1244
CysRS_AF_Euk_Arabidopsis_thaliana_gene833874 0.3589 0.3393 0.2799 0.4334 0.4279 0.3142 0.3742 0.3599 0.3524 0.3075 0.2586 0.3025 0.2571 0.5565 0.3064 0.2363 0.1627 0.3586 0.2828 0.2930 0.4612 0.4239 0.2672 0.3720 0.3001 0.1879 0.3656 0.4140 0.4805 0.3158 0.3938 0.2115 0.4842 0.6669 0.3229 0.3729 0.0000 0.4501 0.4763 0.2322 0.4688 0.2702 0.2240 0.3709 0.4389 0.1801 0.4854
ArgRS_AF_Bact_Brachyspira_pilosicoli_95_1000_gene56439668 0.1021 0.5140 0.2920 0.1104 0.1918 0.1711 0.2133 0.1184 0.3553 0.1061 0.3967 0.1053 0.3707 0.1229 0.1250 0.4056 0.3493 0.4683 0.1070 0.6157 0.4844 0.1525 0.3011 0.1282 0.4816 0.3501 0.0751 0.6828 0.4997 0.2751 0.1431 0.3357 0.1240 0.6263 0.3770 0.1326 0.4501 0.0000 0.2337 0.3276 0.0806 0.1952 0.4313 0.2118 0.1159 0.3209 0.1844
ArgRS_AF_Arch_Desulfurococcus_mucosus_DSM_2162_gene10153309 0.1562 0.7104 0.4475 0.1643 0.2409 0.1799 0.2512 0.1967 0.4467 0.1761 0.4911 0.2059 0.4834 0.2249 0.1435 0.3216 0.5779 0.5920 0.1797 0.7095 0.4878 0.1953 0.5352 0.1736 0.5785 0.3132 0.2420 0.6505 0.6035 0.3654 0.1495 0.4858 0.1641 0.7048 0.4629 0.2181 0.4763 0.2337 0.0000 0.3833 0.2492 0.1952 0.4716 0.2419 0.1250 0.4839 0.2426
CysRS_AF_Euk_Homo_sapiens_gene833 0.2988 0.2377 0.0443 0.3893 0.3405 0.3570 0.2550 0.2742 0.1121 0.2988 0.3875 0.4203 0.2594 0.2873 0.3273 0.2052 0.1015 0.3391 0.4032 0.3437 0.3480 0.3171 0.2847 0.4283 0.2839 0.1834 0.3158 0.3521 0.3043 0.0924 0.3044 0.2297 0.4714 0.6871 0.0785 0.3021 0.2322 0.3276 0.3833 0.0000 0.3324 0.3823 0.1873 0.2682 0.3702 0.2314 0.2902
ArgRS_AF_Bact_Anoxybacillus_flavithermus_WK1_gene7039015 0.1129 0.6754 0.2970 0.1741 0.1846 0.2274 0.2317 0.1819 0.3957 0.1634 0.5166 0.0898 0.3598 0.0941 0.1719 0.4480 0.3745 0.5343 0.1540 0.6602 0.5922 0.1963 0.4885 0.1292 0.4991 0.4072 0.0796 0.6568 0.5988 0.3497 0.1748 0.3334 0.1525 0.5898 0.3712 0.0894 0.4688 0.0806 0.2492 0.3324 0.0000 0.1946 0.5746 0.2413 0.1324 0.3870 0.1956
ArgRS_AF_Mito_Caenorhabditis_elegans_gene174023 0.1239 0.6635 0.2933 0.1572 0.1310 0.1233 0.1451 0.0936 0.3774 0.0830 0.5714 0.1258 0.3648 0.2256 0.1425 0.3394 0.4287 0.5035 0.1121 0.7030 0.6626 0.1797 0.5249 0.1407 0.6520 0.3760 0.1903 0.7344 0.5731 0.3513 0.1259 0.3809 0.1583 0.6736 0.3072 0.1435 0.2702 0.1952 0.1952 0.3823 0.1946 0.0000 0.4071 0.1615 0.1622 0.4727 0.1750
CysRS_AF_Arch_Aciduliprofundum_boonei_T469_gene8827372 0.4911 0.2358 0.1909 0.4487 0.4481 0.3999 0.4400 0.4454 0.2359 0.4162 0.3214 0.5685 0.2418 0.4317 0.4103 0.1737 0.2078 0.2793 0.4162 0.2646 0.3244 0.4224 0.1535 0.4588 0.2084 0.1790 0.4223 0.3111 0.1760 0.1991 0.4087 0.2044 0.4654 0.4466 0.1695 0.4785 0.2240 0.4313 0.4716 0.1873 0.5746 0.4071 0.0000 0.4396 0.4336 0.1116 0.4479
ArgRS_AF_Euk_Homo_sapiens_gene5917 0.2088 0.3792 0.2708 0.1475 0.0535 0.0982 0.0028 0.0683 0.4182 0.0919 0.4163 0.1634 0.3678 0.1518 0.0957 0.3174 0.3614 0.5244 0.1374 0.5204 0.4951 0.1457 0.2933 0.1882 0.5288 0.3229 0.1675 0.6714 0.5335 0.3728 0.0833 0.3452 0.0917 0.6361 0.3748 0.1953 0.3709 0.2118 0.2419 0.2682 0.2413 0.1615 0.4396 0.0000 0.1434 0.3778 0.2045
ArgRS_AF_Arch_Candidatus_Korarchaeum_cryptofilum_OPF8_gene6093502 0.1211 0.7314 0.4549 0.0416 0.1471 0.1187 0.1281 0.0975 0.4996 0.0962 0.4708 0.0939 0.3887 0.1649 0.1121 0.3345 0.3759 0.5686 0.0595 0.6403 0.6398 0.0924 0.5032 0.0853 0.5711 0.3725 0.1037 0.6742 0.5712 0.3490 0.1220 0.3850 0.1275 0.6033 0.4104 0.0687 0.4389 0.1159 0.1250 0.3702 0.1324 0.1622 0.4336 0.1434 0.0000 0.5030 0.0811
CysRS_AF_Arch_Candidatus_Nitrosopumilus_sediminis_gene13696907 0.4084 0.2935 0.2605 0.3727 0.3598 0.3841 0.3820 0.3766 0.2370 0.3305 0.1955 0.4222 0.1709 0.3317 0.3643 0.1420 0.2020 0.2664 0.3953 0.2614 0.4768 0.4238 0.1565 0.5317 0.2349 0.1753 0.4699 0.2510 0.2312 0.1878 0.3625 0.2272 0.3693 0.3428 0.1487 0.4052 0.1801 0.3209 0.4839 0.2314 0.3870 0.4727 0.1116 0.3778 0.5030 0.0000 0.4960
ArgRS_PDB_Bact_1IQ0 0.1156 0.5346 0.3079 0.0813 0.2162 0.1232 0.1998 0.0878 0.3114 0.0935 0.4442 0.1372 0.4511 0.1782 0.1036 0.3156 0.3688 0.5180 0.0952 0.6922 0.6028 0.1294 0.4677 0.1520 0.6171 0.3140 0.1640 0.6957 0.5743 0.2838 0.1240 0.3385 0.1029 0.5894 0.2969 0.1244 0.4854 0.1844 0.2426 0.2902 0.1956 0.1750 0.4479 0.2045 0.0811 0.4960 0.0000
