47
ArgRS_PDB_Arch_2ZUF 0.0000 4.1638 2.2700 1.1365 1.5069 1.4041 1.6253 1.2993 2.3171 1.2540 3.5144 1.0999 2.4604 1.2675 1.4363 2.4464 2.5036 2.2252 1.7094 4.0669 2.5110 1.3449 2.6214 1.2293 2.6130 2.0067 1.1298 2.4818 3.1133 2.7559 1.1264 2.9473 1.4770 3.1852 2.5490 1.0069 2.6729 1.3492 1.5832 2.0648 1.0838 1.8444 2.4604 1.3708 0.7929 2.1516 1.0098
CysRS_PDB_Bact_M_smegmatis_3C8Z 4.1638 0.0000 2.4191 5.5190 4.3791 2.6214 2.0648 3.3812 2.9473 4.9177 1.4387 4.6730 1.5273 2.8792 3.2154 1.8665 1.6938 2.1617 2.6818 1.6196 1.6369 2.8575 1.8591 2.0740 1.2520 1.8665 3.3812 1.5535 1.4968 2.5185 2.4890 1.6785 2.9473 3.1273 1.6907 5.5190 2.0928 2.5646 2.2700 2.6298 2.2252 3.0461 1.6253 2.3171 3.3459 1.6196 2.7853
CysRS_AF_Euk_Drosophila_melanogaster_gene36784 2.2700 2.4191 0.0000 2.8683 3.1852 4.1308 2.2035 2.6298 2.2815 2.6818 2.1668 2.5110 2.0694 2.4258 2.0740 1.7031 1.9603 1.6907 3.1852 2.3731 1.8967 2.7463 2.0648 3.1558 2.9126 1.6545 2.3111 2.1668 2.5646 1.2520 3.7605 2.0556 2.4124 2.9241 1.5069 2.7953 2.8156 2.3540 2.7181 0.6268 2.2035 3.1852 2.1168 2.0787 2.5567 2.0375 2.3051
ArgRS_AF_Arch_Candidatus_Nitrosopumilus_sediminis_gene13697696 1.1365 5.5190 2.8683 0.0000 1.7677 1.3281 1.6724 1.3599 2.8363 1.2813 2.1217 1.2559 2.1668 1.1871 1.2893 2.4464 2.0602 2.4675 1.5970 3.8112 2.8054 1.5222 1.8300 1.5535 2.5185 2.5966 1.2181 3.2787 3.5981 2.5966 1.3621 2.5336 1.7284 3.9188 2.4327 1.1365 2.1720 1.5222 1.7778 2.8054 1.1997 1.7094 2.7181 1.6634 1.0967 2.1415 1.1065
ArgRS_AF_Vir_Megavirus_chiliensis_gene11257368 1.5069 4.3791 3.1852 1.7677 0.0000 1.6139 1.2368 1.1925 2.9014 1.3239 2.7656 1.4064 2.2932 2.0067 1.3751 3.7119 3.7360 3.0205 1.8229 2.9955 3.7360 1.3239 3.3459 1.8591 2.8575 2.9711 1.8229 2.9014 5.6611 2.9832 1.3034 3.0205 1.2598 2.7754 2.6382 1.7189 3.0724 1.6907 2.1772 3.2466 1.8517 2.1720 2.7953 1.2482 1.9603 3.3459 1.6969
ArgRS_PDB_Euk_S_cerevisiae_1BS2 1.4041 2.6214 4.1308 1.3281 1.6139 0.0000 1.5482 1.2387 2.6998 1.3281 2.3860 1.2598 2.2306 1.7157 1.5222 3.4553 3.2625 2.0198 1.1065 2.3171 2.2991 1.2070 3.3459 1.2873 2.8792 2.8156 1.2993 3.5347 3.2787 2.7754 1.2754 2.9473 1.4770 3.4553 2.9473 1.6664 3.7605 2.1316 1.8300 2.7181 1.6486 1.4387 3.8373 1.5805 1.5120 2.5413 1.3751
ArgRS_AF_Euk_Polyodon_spathula_gene121324634 1.6253 2.0648 2.2035 1.6724 1.2368 1.5482 0.0000 0.9951 2.7953 0.9678 2.4057 1.3621 1.9122 1.8591 0.9951 3.1273 2.6998 3.0205 1.7611 3.7360 2.6998 1.1537 3.1414 1.5377 2.3991 2.6130 1.5456 3.0461 2.5490 2.6641 1.0338 3.2951 1.0647 3.0995 2.6907 1.5915 2.7559 1.6427 1.8300 2.1720 2.0648 1.7949 2.6468 0.1865 1.7949 4.0669 1.6427
ArgRS_AF_Bact_Prochlorococcus_marinus_subsp_marinus_str_CCMP1375_gene54199571 1.2993 3.3812 2.6298 1.3599 1.1925 1.2387 0.9951 0.0000 2.4124 0.2967 2.5805 1.0338 2.8902 1.5018 0.8931 2.4191 2.7368 2.2089 1.4673 2.4395 2.3860 0.7870 2.3171 1.3492 2.5036 2.0375 1.4293 2.9955 2.3051 2.6130 0.8522 2.6298 0.9468 3.9761 2.9241 1.3642 2.5110 1.8229 1.6785 2.6214 1.4869 1.5482 2.0375 1.0742 1.3751 2.4057 1.2144
CysRS_AF_Vir_Megavirus_chiliensis_gene11257271 2.3171 2.9473 2.2815 2.8363 2.9014 2.6998 2.7953 2.4124 0.0000 2.7559 3.0995 3.2951 2.1365 2.1316 2.7559 2.3292 3.3812 1.9083 3.2154 2.1120 2.7463 2.3991 1.6026 3.5144 2.8792 2.5036 3.4553 3.0205 3.2787 2.0111 2.5413 3.6883 2.9832 2.2815 2.3416 1.9811 2.6048 2.0740 3.0332 2.0465 2.3171 2.5966 2.3416 3.8911 2.4963 2.6382 2.6130
ArgRS_AF_Euk_Paulinella_chromatophora_gene6481434 1.2540 4.9177 2.6818 1.2813 1.3239 1.3281 0.9678 0.2967 2.7559 0.0000 2.4464 1.0902 2.7368 1.4434 0.8750 2.9014 3.6200 2.1516 1.6139 3.1273 2.6130 0.7077 2.4604 1.4869 2.3925 2.3416 1.6196 3.3459 2.7368 2.7089 0.8472 2.7559 0.9608 3.2466 3.3118 1.3578 2.5805 1.7677 1.7062 2.4464 1.5222 1.6604 2.3416 1.0247 1.3535 2.5036 1.1925
CysRS_AF_Bact_Porphyromonas_gingivalis_ATCC_33277_gene29256960 3.5144 1.4387 2.1668 2.1217 2.7656 2.3860 2.4057 2.5805 3.0995 2.4464 0.0000 2.9711 1.4577 2.2586 2.4818 2.2815 1.4387 1.3492 3.4944 1.3664 1.6139 2.2932 1.5970 2.1365 1.0934 1.4625 2.7368 1.6785 1.2636 2.5725 3.1558 1.8158 2.2815 2.7181 2.0510 2.9014 1.6545 2.5725 2.7953 2.0976 2.3171 2.3991 1.8264 2.2035 2.7953 2.0375 1.9280
ArgRS_AF_Bact_Streptobacillus_moniliformis_DSM_12112_gene29674021 1.0999 4.6730 2.5110 1.2559 1.4064 1.2598 1.3621 1.0338 3.2951 1.0902 2.9711 0.0000 2.7754 1.6311 1.1434 2.6048 2.2035 2.1824 1.5642 3.7605 2.4395 1.1231 2.6298 1.5970 3.4944 2.3603 1.4458 3.7605 2.2143 2.8054 1.1676 2.7559 1.2675 2.1365 3.2466 1.3795 2.1120 1.8665 1.7349 2.3416 1.3664 1.7157 3.0724 1.2368 1.2913 2.2932 1.3407
CysRS_AF_Arch_Pyrobaculum_ferrireducens_gene11593896 2.4604 1.5273 2.0694 2.1668 2.2932 2.2306 1.9122 2.8902 2.1365 2.7368 1.4577 2.7754 0.0000 2.3667 2.1217 1.7252 1.8158 1.4529 2.2815 1.3116 1.5696 2.8054 1.6253 2.2252 1.3535 1.5642 2.3925 1.7544 1.5018 1.7914 2.4604 1.4577 2.1720 2.6468 1.6427 2.3416 2.0740 2.3925 3.0724 2.0787 2.1465 2.2035 1.4625 2.0834 2.4604 1.3492 1.7949
ArgRS_AF_Bact_Mycoplasma_hyopneumoniae_168-L_gene57100855 1.2675 2.8792 2.4258 1.1871 2.0067 1.7157 1.8591 1.5018 2.1316 1.4434 2.2586 1.6311 2.3667 0.0000 1.6139 2.3171 2.5110 1.9939 1.6969 1.8929 3.0995 1.8853 2.1316 1.5750 2.6468 2.2362 1.4247 3.3118 3.1273 2.2643 1.4968 2.4604 1.6082 2.9832 2.5885 1.1485 2.1217 1.5351 1.9854 2.3925 1.1747 1.6969 2.4890 1.6196 1.6969 2.6468 1.2913
ArgRS_AF_Euk_Micromonas_commoda_gene8250062 1.4363 3.2154 2.0740 1.2893 1.3751 1.5222 0.9951 0.8931 2.7559 0.8750 2.4818 1.1434 2.1217 1.6139 0.0000 2.1415 2.3795 2.3111 1.5860 2.9241 2.3925 0.9304 2.5805 1.4577 3.0461 2.2932 1.7094 2.3292 2.7368 2.7181 1.1197 2.1720 1.0585 3.0332 2.3925 1.5377 1.9201 1.7479 1.7846 2.4057 1.5482 1.6545 2.5185 1.0934 1.7812 2.5036 1.5482
CysRS_AF_Mito_Morone_saxatilis_gene118339815 2.4464 1.8665 1.7031 2.4464 3.7119 3.4553 3.1273 2.4191 2.3292 2.9014 2.2815 2.6048 1.7252 2.3171 2.1415 0.0000 1.6969 2.0881 2.6468 2.1516 1.7094 2.6130 1.4869 2.1365 1.6139 0.6939 2.1316 1.7577 1.4770 1.9280 2.4191 1.7812 2.8363 3.1852 1.5723 3.2787 2.0510 2.6641 2.7754 1.9161 2.5490 2.5490 1.9939 2.6818 2.9241 1.9360 2.4191
CysRS_AF_Bact_Lactobacillus_amylovorus_GRL1118_gene66523130 2.5036 1.6938 1.9603 2.0602 3.7360 3.2625 2.6998 2.7368 3.3812 3.6200 1.4387 2.2035 1.8158 2.5110 2.3795 1.6969 0.0000 1.9521 2.8902 1.2293 1.6427 3.7119 1.2368 2.1516 0.9468 1.7157 2.9014 1.8264 1.6574 1.8517 2.5336 1.8665 2.1168 2.3540 1.6907 2.5805 1.4722 2.2197 2.8575 2.1824 2.1566 2.9126 1.6369 2.6641 2.4057 1.3365 2.2035
CysRS_AF_Bact_Prochlorococcus_marinus_subsp_marinus_str_CCMP1375_gene54200571 2.2252 2.1617 1.6907 2.4675 3.0205 2.0198 3.0205 2.2089 1.9083 2.1516 1.3492 2.1824 1.4529 1.9939 2.3111 2.0881 1.9521 0.0000 3.1852 1.6545 1.9939 2.6818 1.4943 2.7559 1.4819 2.0556 2.9711 2.2252 1.4201 2.0465 2.7463 1.8891 1.9939 3.4177 1.9562 2.4534 1.8853 2.5805 2.6214 1.9201 2.2529 2.1566 1.8158 2.3667 3.0859 1.5970 2.0286
ArgRS_AF_Mito_Homo_sapiens_gene57038 1.7094 2.6818 3.1852 1.5970 1.8229 1.1065 1.7611 1.4673 3.2154 1.6139 3.4944 1.5642 2.2815 1.6969 1.5860 2.6468 2.8902 3.1852 0.0000 2.3171 2.1516 1.8444 2.5567 1.7812 2.4464 2.3416 1.6139 2.1720 6.3226 3.0461 1.5535 3.4363 1.2913 3.2625 2.1929 1.7349 2.7463 2.2815 2.1217 3.1273 1.8158 1.3840 3.0995 1.7220 1.4869 2.7559 1.5750
CysRS_AF_Bact_Bordetella_avium_197N_gene41394405 4.0669 1.6196 2.3731 3.8112 2.9955 2.3171 3.7360 2.4395 2.1120 3.1273 1.3664 3.7605 1.3116 1.8929 2.9241 2.1516 1.2293 1.6545 2.3171 0.0000 1.6196 3.0995 1.6754 2.1316 0.8931 1.5750 1.9939 1.6969 1.2368 2.7754 2.3731 1.4869 3.0995 2.9711 2.0465 2.3795 1.9280 2.9014 2.7559 2.2815 3.5144 2.3478 1.7220 2.6641 2.3991 1.9240 2.3292
CysRS_AF_Bact_Treponema_pallidum_subsp_pertenue_str_SamoaD_gene57878631 2.5110 1.6369 1.8967 2.8054 3.7360 2.2991 2.6998 2.3860 2.7463 2.6130 1.6139 2.4395 1.5696 3.0995 2.3925 1.7094 1.6427 1.9939 2.1516 1.6196 0.0000 2.3111 1.7157 2.1365 1.1997 1.6664 2.6818 1.6785 1.7479 2.0928 2.1316 1.9440 2.4534 3.7360 1.9603 3.4553 1.8123 2.1516 2.3540 2.0787 2.1668 2.2991 2.1168 2.4395 3.9761 1.5535 2.2643
ArgRS_AF_Euk_Thalassiosira_pseudonana_CCMP1335_gene7449555 1.3449 2.8575 2.7463 1.5222 1.3239 1.2070 1.1537 0.7870 2.3991 0.7077 2.2932 1.1231 2.8054 1.8853 0.9304 2.6130 3.7119 2.6818 1.8444 3.0995 2.3111 0.0000 2.7368 1.5273 2.3795 2.2252 1.7000 2.4464 3.0995 2.8363 0.9692 2.7754 1.0902 4.2322 2.9356 1.4293 2.5646 1.8517 1.6311 2.7559 1.7220 1.7880 3.3812 1.1382 1.2833 3.0859 1.4577
CysRS_AF_Bact_Streptobacillus_moniliformis_DSM_12112_gene29673427 2.6214 1.8591 2.0648 1.8300 3.3459 3.3459 3.1414 2.3171 1.6026 2.4604 1.5970 2.6298 1.6253 2.1316 2.5805 1.4869 1.2368 1.4943 2.5567 1.6754 1.7157 2.7368 0.0000 2.6382 1.2873 1.6969 3.4747 1.9603 1.2636 2.0198 2.9241 1.4529 2.2306 2.0740 2.2586 2.6554 1.7744 2.2252 2.7559 2.0465 3.4553 2.1668 1.5456 2.7089 2.2932 1.3281 2.0694
ArgRS_AF_Bact_Cupriavidus_taiwanensis_LMG_19424_gene29762022 1.2293 2.0740 3.1558 1.5535 1.8591 1.2873 1.5377 1.3492 3.5144 1.4869 2.1365 1.5970 2.2252 1.5750 1.4577 2.1365 2.1516 2.7559 1.7812 2.1316 2.1365 1.5273 2.6382 0.0000 2.1668 2.2362 1.0461 2.3603 2.3416 2.5646 1.2144 2.1516 1.6196 3.7605 2.3540 1.5069 2.1982 1.2734 1.7677 2.7656 0.9331 1.5642 3.3118 1.7157 1.6664 2.3416 1.1961
CysRS_PDB_Bact_E_coli_1LI5 2.6130 1.2520 2.9126 2.5185 2.8575 2.8792 2.3991 2.5036 2.8792 2.3925 1.0934 3.4944 1.3535 2.6468 3.0461 1.6139 0.9468 1.4819 2.4464 0.8931 1.1997 2.3795 1.2873 2.1668 0.0000 1.5430 2.9591 1.2482 1.0902 2.1617 2.2143 1.4387 2.2473 2.2815 1.5170 2.9711 1.5562 2.3860 3.8112 2.1617 2.2197 2.4258 1.4481 2.5413 2.0375 1.2034 2.0024
CysRS_AF_Mito_Homo_sapiens_gene79587 2.0067 1.8665 1.6545 2.5966 2.9711 2.8156 2.6130 2.0375 2.5036 2.3416 1.4625 2.3603 1.5642 2.2362 2.2932 0.6939 1.7157 2.0556 2.3416 1.5750 1.6664 2.2252 1.6969 2.2362 1.5430 0.0000 1.9006 1.5998 1.5509 2.0465 2.1217 1.5377 2.3416 3.5144 1.7413 2.3540 2.1217 2.8792 2.7463 1.6815 2.4057 2.0928 1.8300 2.1217 2.9473 2.0648 1.9201
ArgRS_AF_Bact_Corynebacterium_ulcerans_809_gene75260071 1.1298 3.3812 2.3111 1.2181 1.8229 1.2993 1.5456 1.4293 3.4553 1.6196 2.7368 1.4458 2.3925 1.4247 1.7094 2.1316 2.9014 2.9711 1.6139 1.9939 2.6818 1.7000 3.4747 1.0461 2.9591 1.9006 0.0000 2.4057 2.2700 2.6641 1.5273 2.3795 1.6369 28.8054 2.5725 1.2913 2.1516 1.3157 1.6604 2.3478 0.9142 1.7880 2.8156 1.5915 1.4795 3.4553 1.2520
CysRS_AF_Bact_Mycobacterium_canettii_CIPT_140010059_gene45427568 2.4818 1.5535 2.1668 3.2787 2.9014 3.5347 3.0461 2.9955 3.0205 3.3459 1.6785 3.7605 1.7544 3.3118 2.3292 1.7577 1.8264 2.2252 2.1720 1.6969 1.6785 2.4464 1.9603 2.3603 1.2482 1.5998 2.4057 0.0000 1.3884 2.0740 3.0461 1.8591 2.4890 2.9241 2.0111 5.1974 2.0510 2.5490 2.2143 2.1415 3.1273 2.7656 1.9161 2.6818 2.1720 2.0154 2.4963
CysRS_AF_Arch_Methanospirillum_hungatei_JF-1_gene3922979 3.1133 1.4968 2.5646 3.5981 5.6611 3.2787 2.5490 2.3051 3.2787 2.7368 1.2636 2.2143 1.5018 3.1273 2.7368 1.4770 1.6574 1.4201 6.3226 1.2368 1.7479 3.0995 1.2636 2.3416 1.0902 1.5509 2.2700 1.3884 0.0000 2.1982 3.1558 1.7381 2.1168 2.1668 2.0928 3.3812 1.8480 2.4746 2.8156 2.6641 2.9591 3.0995 1.3664 2.3171 3.0859 1.5535 2.0928
CysRS_AF_Mito_Saccharomyces_cerevisiae_S288C_gene855474 2.7559 2.5185 1.2520 2.5966 2.9832 2.7754 2.6641 2.6130 2.0111 2.7089 2.5725 2.8054 1.7914 2.2643 2.7181 1.9280 1.8517 2.0465 3.0461 2.7754 2.0928 2.8363 2.0198 2.5646 2.1617 2.0465 2.6641 2.0740 2.1982 0.0000 2.9241 1.9201 4.0669 1.9440 1.7413 2.8792 2.3292 3.1852 2.3292 1.3795 2.1824 4.0360 2.1316 2.5567 2.3860 2.0740 1.9769
ArgRS_AF_Bact_Escherichia_coli_O157:H7_str._Sakai_gene912519 1.1264 2.4890 3.7605 1.3621 1.3034 1.2754 1.0338 0.8522 2.5413 0.8472 3.1558 1.1676 2.4604 1.4968 1.1197 2.4191 2.5336 2.7463 1.5535 2.3731 2.1316 0.9692 2.9241 1.2144 2.2143 2.1217 1.5273 3.0461 3.1558 2.9241 0.0000 2.7559 0.9980 2.7754 2.6130 1.2144 2.3231 1.5120 2.1516 2.7463 1.3621 1.7062 3.1273 1.0522 1.2675 3.1133 1.0585
CysRS_AF_Euk_Micromonas_commoda_gene8246535 2.9473 1.6785 2.0556 2.5336 3.0205 2.9473 3.2951 2.6298 3.6883 2.7559 1.8158 2.7559 1.4577 2.4604 2.1720 1.7812 1.8665 1.8891 3.4363 1.4869 1.9440 2.7754 1.4529 2.1516 1.4387 1.5377 2.3795 1.8591 1.7381 1.9201 2.7559 0.0000 2.9356 2.5885 1.6082 2.7953 1.3386 2.7656 3.0724 1.9769 2.5336 2.4604 1.6369 3.2466 2.9126 1.6815 2.1415
ArgRS_AF_Bact_Chlamydia_psittaci_6BC_gene12242456 1.4770 2.9473 2.4124 1.7284 1.2598 1.4770 1.0647 0.9468 2.9832 0.9608 2.2815 1.2675 2.1720 1.6082 1.0585 2.8363 2.1168 1.9939 1.2913 3.0995 2.4534 1.0902 2.2306 1.6196 2.2473 2.3416 1.6369 2.4890 2.1168 4.0669 0.9980 2.9356 0.0000 2.7656 2.3540 1.7220 2.7181 1.6456 1.6938 2.6298 2.0375 1.8088 2.2035 1.0870 1.5018 2.2089 1.3281
CysRS_AF_Bact_Mycoplasma_hyopneumoniae_168-L_gene57101512 3.1852 3.1273 2.9241 3.9188 2.7754 3.4553 3.0995 3.9761 2.2815 3.2466 2.7181 2.1365 2.6468 2.9832 3.0332 3.1852 2.3540 3.4177 3.2625 2.9711 3.7360 4.2322 2.0740 3.7605 2.2815 3.5144 28.8054 2.9241 2.1668 1.9440 2.7754 2.5885 2.7656 0.0000 2.7368 2.9473 3.2309 3.0079 2.9711 2.4327 4.0669 3.9188 2.3171 3.0332 3.3459 1.9686 8.9438
CysRS_AF_Euk_Cyanidioschyzon_merolae_strain_10D_gene16993418 2.5490 1.6907 1.5069 2.4327 2.6382 2.9473 2.6907 2.9241 2.3416 3.3118 2.0510 3.2466 1.6427 2.5885 2.3925 1.5723 1.6907 1.9562 2.1929 2.0465 1.9603 2.9356 2.2586 2.3540 1.5170 1.7413 2.5725 2.0111 2.0928 1.7413 2.6130 1.6082 2.3540 2.7368 0.0000 3.6651 2.5966 2.6998 3.2154 1.5145 2.7559 2.6818 1.8891 2.2815 7.6844 1.7544 2.6048
ArgRS_AF_Arch_Methanothermococcus_okinawensis_IH1_gene10773248 1.0069 5.5190 2.7953 1.1365 1.7189 1.6664 1.5915 1.3642 1.9811 1.3578 2.9014 1.3795 2.3416 1.1485 1.5377 3.2787 2.5805 2.4534 1.7349 2.3795 3.4553 1.4293 2.6554 1.5069 2.9711 2.3540 1.2913 5.1974 3.3812 2.8792 1.2144 2.7953 1.7220 2.9473 3.6651 0.0000 2.5413 1.4458 2.0694 2.5185 1.3075 1.6604 2.9473 1.6311 1.3116 2.8575 1.2368
CysRS_AF_Euk_Arabidopsis_thaliana_gene833874 2.6729 2.0928 2.8156 2.1720 3.0724 3.7605 2.7559 2.5110 2.6048 2.5805 1.6545 2.1120 2.0740 2.1217 1.9201 2.0510 1.4722 1.8853 2.7463 1.9280 1.8123 2.5646 1.7744 2.1982 1.5562 2.1217 2.1516 2.0510 1.8480 2.3292 2.3231 1.3386 2.7181 3.2309 2.5966 2.5413 0.0000 2.3231 3.1133 2.3292 2.4191 3.5766 2.0556 2.8469 2.6907 1.9686 2.3111
ArgRS_AF_Bact_Brachyspira_pilosicoli_95_1000_gene56439668 1.3492 2.5646 2.3540 1.5222 1.6907 2.1316 1.6427 1.8229 2.0740 1.7677 2.5725 1.8665 2.3925 1.5351 1.7479 2.6641 2.2197 2.5805 2.2815 2.9014 2.1516 1.8517 2.2252 1.2734 2.3860 2.8792 1.3157 2.5490 2.4746 3.1852 1.5120 2.7656 1.6456 3.0079 2.6998 1.4458 2.3231 0.0000 1.7611 2.2932 1.0173 1.7479 3.0205 1.5696 1.4201 2.1316 1.6196
ArgRS_AF_Arch_Desulfurococcus_mucosus_DSM_2162_gene10153309 1.5832 2.2700 2.7181 1.7778 2.1772 1.8300 1.8300 1.6785 3.0332 1.7062 2.7953 1.7349 3.0724 1.9854 1.7846 2.7754 2.8575 2.6214 2.1217 2.7559 2.3540 1.6311 2.7559 1.7677 3.8112 2.7463 1.6604 2.2143 2.8156 2.3292 2.1516 3.0724 1.6938 2.9711 3.2154 2.0694 3.1133 1.7611 0.0000 2.5260 1.9854 2.2815 2.7559 1.8891 1.4968 3.1852 1.6724
CysRS_AF_Euk_Homo_sapiens_gene833 2.0648 2.6298 0.6268 2.8054 3.2466 2.7181 2.1720 2.6214 2.0465 2.4464 2.0976 2.3416 2.0787 2.3925 2.4057 1.9161 2.1824 1.9201 3.1273 2.2815 2.0787 2.7559 2.0465 2.7656 2.1617 1.6815 2.3478 2.1415 2.6641 1.3795 2.7463 1.9769 2.6298 2.4327 1.5145 2.5185 2.3292 2.2932 2.5260 0.0000 2.0242 3.1273 1.7413 2.1071 3.0332 1.8853 2.1365
ArgRS_AF_Bact_Anoxybacillus_flavithermus_WK1_gene7039015 1.0838 2.2252 2.2035 1.1997 1.8517 1.6486 2.0648 1.4869 2.3171 1.5222 2.3171 1.3664 2.1465 1.1747 1.5482 2.5490 2.1566 2.2529 1.8158 3.5144 2.1668 1.7220 3.4553 0.9331 2.2197 2.4057 0.9142 3.1273 2.9591 2.1824 1.3621 2.5336 2.0375 4.0669 2.7559 1.3075 2.4191 1.0173 1.9854 2.0242 0.0000 1.8929 2.7463 1.9521 1.4109 2.5185 1.1997
ArgRS_AF_Mito_Caenorhabditis_elegans_gene174023 1.8444 3.0461 3.1852 1.7094 2.1720 1.4387 1.7949 1.5482 2.5966 1.6604 2.3991 1.7157 2.2035 1.6969 1.6545 2.5490 2.9126 2.1566 1.3840 2.3478 2.2991 1.7880 2.1668 1.5642 2.4258 2.0928 1.7880 2.7656 3.0995 4.0360 1.7062 2.4604 1.8088 3.9188 2.6818 1.6604 3.5766 1.7479 2.2815 3.1273 1.8929 0.0000 2.5185 1.7544 2.1929 5.8119 1.6253
CysRS_AF_Arch_Aciduliprofundum_boonei_T469_gene8827372 2.4604 1.6253 2.1168 2.7181 2.7953 3.8373 2.6468 2.0375 2.3416 2.3416 1.8264 3.0724 1.4625 2.4890 2.5185 1.9939 1.6369 1.8158 3.0995 1.7220 2.1168 3.3812 1.5456 3.3118 1.4481 1.8300 2.8156 1.9161 1.3664 2.1316 3.1273 1.6369 2.2035 2.3171 1.8891 2.9473 2.0556 3.0205 2.7559 1.7413 2.7463 2.5185 0.0000 2.5490 2.8683 1.4155 2.7181
ArgRS_AF_Euk_Homo_sapiens_gene5917 1.3708 2.3171 2.0787 1.6634 1.2482 1.5805 0.1865 1.0742 3.8911 1.0247 2.2035 1.2368 2.0834 1.6196 1.0934 2.6818 2.6641 2.3667 1.7220 2.6641 2.4395 1.1382 2.7089 1.7157 2.5413 2.1217 1.5915 2.6818 2.3171 2.5567 1.0522 3.2466 1.0870 3.0332 2.2815 1.6311 2.8469 1.5696 1.8891 2.1071 1.9521 1.7544 2.5490 0.0000 1.7544 3.3118 1.6846
ArgRS_AF_Arch_Candidatus_Korarchaeum_cryptofilum_OPF8_gene6093502 0.7929 3.3459 2.5567 1.0967 1.9603 1.5120 1.7949 1.3751 2.4963 1.3535 2.7953 1.2913 2.4604 1.6969 1.7812 2.9241 2.4057 3.0859 1.4869 2.3991 3.9761 1.2833 2.2932 1.6664 2.0375 2.9473 1.4795 2.1720 3.0859 2.3860 1.2675 2.9126 1.5018 3.3459 7.6844 1.3116 2.6907 1.4201 1.4968 3.0332 1.4109 2.1929 2.8683 1.7544 0.0000 2.6298 1.2675
CysRS_AF_Arch_Candidatus_Nitrosopumilus_sediminis_gene13696907 2.1516 1.6196 2.0375 2.1415 3.3459 2.5413 4.0669 2.4057 2.6382 2.5036 2.0375 2.2932 1.3492 2.6468 2.5036 1.9360 1.3365 1.5970 2.7559 1.9240 1.5535 3.0859 1.3281 2.3416 1.2034 2.0648 3.4553 2.0154 1.5535 2.0740 3.1133 1.6815 2.2089 1.9686 1.7544 2.8575 1.9686 2.1316 3.1852 1.8853 2.5185 5.8119 1.4155 3.3118 2.6298 0.0000 2.4258
ArgRS_PDB_Bact_1IQ0 1.0098 2.7853 2.3051 1.1065 1.6969 1.3751 1.6427 1.2144 2.6130 1.1925 1.9280 1.3407 1.7949 1.2913 1.5482 2.4191 2.2035 2.0286 1.5750 2.3292 2.2643 1.4577 2.0694 1.1961 2.0024 1.9201 1.2520 2.4963 2.0928 1.9769 1.0585 2.1415 1.3281 8.9438 2.6048 1.2368 2.3111 1.6196 1.6724 2.1365 1.1997 1.6253 2.7181 1.6846 1.2675 2.4258 0.0000
