47
CysRS_AF_Mito_Homo_sapiens_gene79587 0.0000 0.3400 0.4580 0.2885 0.4215 0.4895 0.5230 0.3760 0.5020 0.4535 0.5100 0.3055 0.4190 0.3300 0.4625 0.2855 0.5035 0.4190 0.2940 0.5040 0.4205 0.3870 0.4965 0.5040 0.4830 0.2950 0.4990 0.4120 0.5150 0.3795 0.5040 0.4970 0.1560 0.4960 0.4010 0.4930 0.4845 0.5405 0.5465 0.5235 0.3425 0.3790 0.2745 0.5370 0.3740 0.4545 0.5000
CysRS_AF_Euk_Homo_sapiens_gene833 0.3400 0.0000 0.4250 0.3380 0.3950 0.3830 0.4335 0.4110 0.4745 0.3400 0.4415 0.1420 0.3940 0.3100 0.3820 0.2990 0.4525 0.3670 0.3010 0.4425 0.3485 0.3750 0.3840 0.3995 0.4375 0.2770 0.4535 0.4070 0.4695 0.2335 0.4110 0.4270 0.2785 0.4805 0.4120 0.4675 0.4430 0.4220 0.4570 0.4540 0.2490 0.3250 0.1710 0.4245 0.2740 0.3820 0.4020
ArgRS_AF_Arch_Candidatus_Korarchaeum_cryptofilum_OPF8_gene6093502 0.4580 0.4250 0.0000 0.3250 0.5605 0.4540 0.3645 0.4915 0.3385 0.3320 0.2780 0.5020 0.4440 0.5720 0.3290 0.4595 0.3420 0.5290 0.5115 0.3210 0.5360 0.5250 0.3430 0.3160 0.2980 0.4420 0.4400 0.5230 0.3175 0.5070 0.2730 0.2730 0.4665 0.3290 0.5600 0.3300 0.3700 0.3690 0.3395 0.4095 0.5385 0.5160 0.4365 0.3340 0.5065 0.3040 0.3955
CysRS_AF_Bact_Mycoplasma_hyopneumoniae_168-L_gene57101512 0.2885 0.3380 0.3250 0.0000 0.4135 0.3115 0.4430 0.4640 0.4785 0.3560 0.4390 0.3840 0.3790 0.4080 0.4390 0.3830 0.3855 0.4030 0.4360 0.3435 0.3960 0.4875 0.4695 0.4150 0.4370 0.4165 0.4700 0.4240 0.3920 0.3850 0.5000 0.3070 0.3900 0.4450 0.4640 0.5640 0.2870 0.4140 0.4290 0.4120 0.3770 0.3460 0.4870 0.4085 0.4255 0.5300 0.2955
CysRS_AF_Arch_Candidatus_Nitrosopumilus_sediminis_gene13696907 0.4215 0.3950 0.5605 0.4135 0.0000 0.4050 0.5550 0.3840 0.5300 0.5270 0.5650 0.4230 0.4080 0.4200 0.5240 0.3855 0.5090 0.4130 0.3650 0.5040 0.4510 0.4460 0.5340 0.5110 0.5545 0.3560 0.5435 0.4165 0.5470 0.4375 0.5005 0.5005 0.4360 0.5565 0.3590 0.4885 0.5075 0.5490 0.5440 0.4935 0.3020 0.4680 0.3760 0.5540 0.4460 0.5025 0.5510
CysRS_PDB_Bact_E_coli_1LI5 0.4895 0.3830 0.4540 0.3115 0.4050 0.0000 0.2910 0.3740 0.5775 0.5520 0.2640 0.4080 0.2700 0.4680 0.5350 0.3900 0.4990 0.4000 0.3505 0.5750 0.4160 0.4860 0.5090 0.2730 0.4770 0.3240 0.4655 0.3570 0.5740 0.4440 0.5450 0.4590 0.4435 0.3265 0.2820 0.5085 0.4360 0.3340 0.5180 0.4390 0.3910 0.4860 0.4390 0.5325 0.4200 0.5215 0.4680
ArgRS_PDB_Arch_2ZUF 0.5230 0.4335 0.3645 0.4430 0.5550 0.2910 0.0000 0.4790 0.3540 0.3540 0.3100 0.4565 0.4885 0.5285 0.3450 0.4640 0.4055 0.4915 0.5315 0.3880 0.5125 0.4760 0.3490 0.3590 0.3330 0.4240 0.3910 0.5490 0.3490 0.5270 0.3470 0.3200 0.5070 0.3750 0.5820 0.3820 0.3670 0.3700 0.4340 0.3990 0.5685 0.5085 0.4540 0.3230 0.5350 0.3650 0.3890
CysRS_AF_Arch_Methanospirillum_hungatei_JF-1_gene3922979 0.3760 0.4110 0.4915 0.4640 0.3840 0.3740 0.4790 0.0000 0.4845 0.5730 0.4490 0.4030 0.2820 0.3875 0.3695 0.3200 0.3000 0.3225 0.3375 0.4255 0.4240 0.4360 0.5200 0.3500 0.3690 0.2740 0.4000 0.3480 0.5810 0.4375 0.5140 0.4050 0.3700 0.5540 0.2640 0.5110 0.4295 0.4050 0.5725 0.2920 0.3220 0.4115 0.3900 0.4710 0.4120 0.4430 0.5180
ArgRS_AF_Bact_Brachyspira_pilosicoli_95_1000_gene56439668 0.5020 0.4745 0.3385 0.4785 0.5300 0.5775 0.3540 0.4845 0.0000 0.3800 0.2625 0.4735 0.4890 0.5475 0.3650 0.4820 0.2940 0.5540 0.4885 0.4130 0.5270 0.5355 0.3130 0.3790 0.2740 0.5270 0.3720 0.5545 0.3580 0.5355 0.3460 0.3100 0.5160 0.3440 0.5750 0.1990 0.4150 0.4140 0.3990 0.4245 0.5580 0.4985 0.4645 0.3145 0.5345 0.2345 0.4075
ArgRS_AF_Bact_Prochlorococcus_marinus_subsp_marinus_str_CCMP1375_gene54199571 0.4535 0.3400 0.3320 0.3560 0.5270 0.5520 0.3540 0.5730 0.3800 0.0000 0.3195 0.4210 0.5120 0.5380 0.1640 0.4860 0.4020 0.5375 0.4900 0.2625 0.5320 0.5065 0.1340 0.3385 0.3800 0.4040 0.3910 0.5230 0.2960 0.4710 0.2900 0.2560 0.4340 0.2950 0.5280 0.3620 0.2940 0.2800 0.2640 0.4070 0.4985 0.4790 0.4135 0.2100 0.3800 0.2865 0.2730
ArgRS_AF_Arch_Methanothermococcus_okinawensis_IH1_gene10773248 0.5100 0.4415 0.2780 0.4390 0.5650 0.2640 0.3100 0.4490 0.2625 0.3195 0.0000 0.4930 0.4120 0.5145 0.3160 0.4380 0.3060 0.5690 0.5525 0.3695 0.5570 0.4200 0.3285 0.3380 0.2770 0.5420 0.3940 0.5310 0.3050 0.5295 0.3050 0.2890 0.5205 0.3595 0.5845 0.2765 0.3675 0.3745 0.3875 0.3850 0.5575 0.5035 0.4585 0.2980 0.4870 0.3050 0.4030
CysRS_AF_Euk_Drosophila_melanogaster_gene36784 0.3055 0.1420 0.5020 0.3840 0.4230 0.4080 0.4565 0.4030 0.4735 0.4210 0.4930 0.0000 0.4015 0.3370 0.3945 0.3270 0.5005 0.3930 0.2985 0.4490 0.3580 0.3690 0.4315 0.4405 0.4665 0.2890 0.4320 0.4260 0.5150 0.2680 0.4850 0.4720 0.3035 0.4620 0.4080 0.4715 0.4590 0.4775 0.4625 0.4910 0.2830 0.3325 0.1840 0.4400 0.3290 0.4110 0.4600
CysRS_PDB_Bact_M_smegmatis_3C8Z 0.4190 0.3940 0.4440 0.3790 0.4080 0.2700 0.4885 0.2820 0.4890 0.5120 0.4120 0.4015 0.0000 0.4540 0.5425 0.3200 0.4890 0.3355 0.3570 0.5925 0.4310 0.4860 0.4900 0.4285 0.4320 0.3100 0.4810 0.4080 0.5715 0.3940 0.5100 0.3690 0.3810 0.4730 0.2680 0.5355 0.4500 0.3675 0.5700 0.4285 0.3470 0.4740 0.4270 0.5195 0.3945 0.4955 0.5000
CysRS_AF_Bact_Treponema_pallidum_subsp_pertenue_str_SamoaD_gene57878631 0.3300 0.3100 0.5720 0.4080 0.4200 0.4680 0.5285 0.3875 0.5475 0.5380 0.5145 0.3370 0.4540 0.0000 0.4045 0.3660 0.5680 0.4230 0.4005 0.4430 0.3755 0.3830 0.5115 0.5480 0.4485 0.3125 0.5610 0.4250 0.5695 0.4100 0.4980 0.5545 0.3865 0.3740 0.4340 0.5500 0.4160 0.5380 0.4410 0.4290 0.3855 0.3340 0.2940 0.5490 0.4510 0.5310 0.4825
ArgRS_AF_Bact_Escherichia_coli_O157:H7_str._Sakai_gene912519 0.4625 0.3820 0.3290 0.4390 0.5240 0.5350 0.3450 0.3695 0.3650 0.1640 0.3160 0.3945 0.5425 0.4045 0.0000 0.4690 0.3490 0.5450 0.5070 0.2615 0.5070 0.5005 0.1950 0.3400 0.3360 0.3910 0.3875 0.5360 0.2850 0.4940 0.2930 0.2945 0.4320 0.2950 0.5210 0.3670 0.2710 0.2830 0.2450 0.3440 0.5160 0.4415 0.3655 0.2530 0.3750 0.3130 0.2680
CysRS_AF_Arch_Pyrobaculum_ferrireducens_gene11593896 0.2855 0.2990 0.4595 0.3830 0.3855 0.3900 0.4640 0.3200 0.4820 0.4860 0.4380 0.3270 0.3200 0.3660 0.4690 0.0000 0.5025 0.3520 0.3110 0.4810 0.3920 0.3935 0.4860 0.4140 0.4820 0.3230 0.4910 0.3720 0.5140 0.3230 0.4885 0.4820 0.2950 0.4795 0.3680 0.4325 0.3625 0.5220 0.5520 0.4700 0.3270 0.3250 0.2690 0.4640 0.3790 0.4420 0.5025
ArgRS_AF_Bact_Cupriavidus_taiwanensis_LMG_19424_gene29762022 0.5035 0.4525 0.3420 0.3855 0.5090 0.4990 0.4055 0.3000 0.2940 0.4020 0.3060 0.5005 0.4890 0.5680 0.3490 0.5025 0.0000 0.5265 0.4550 0.3455 0.5215 0.5250 0.3995 0.4150 0.2480 0.5455 0.4020 0.5185 0.3500 0.5830 0.3410 0.3500 0.5105 0.3380 0.4875 0.2725 0.4020 0.3600 0.4490 0.3590 0.5165 0.4940 0.4430 0.4060 0.5040 0.2950 0.3350
CysRS_AF_Bact_Porphyromonas_gingivalis_ATCC_33277_gene29256960 0.4190 0.3670 0.5290 0.4030 0.4130 0.4000 0.4915 0.3225 0.5540 0.5375 0.5690 0.3930 0.3355 0.4230 0.5450 0.3520 0.5265 0.0000 0.3445 0.5655 0.3520 0.4500 0.5360 0.5380 0.5315 0.3225 0.4610 0.3340 0.5440 0.4470 0.5120 0.5825 0.3335 0.5435 0.2570 0.5265 0.4520 0.5810 0.5570 0.2980 0.3680 0.4325 0.3705 0.5110 0.4550 0.5195 0.5920
CysRS_AF_Bact_Lactobacillus_amylovorus_GRL1118_gene66523130 0.2940 0.3010 0.5115 0.4360 0.3650 0.3505 0.5315 0.3375 0.4885 0.4900 0.5525 0.2985 0.3570 0.4005 0.5070 0.3110 0.4550 0.3445 0.0000 0.5320 0.3430 0.3910 0.5020 0.5190 0.5460 0.2390 0.5175 0.3420 0.5580 0.3090 0.5420 0.5205 0.3020 0.5340 0.3745 0.5155 0.4810 0.5550 0.5765 0.5365 0.3085 0.3510 0.3310 0.5005 0.3310 0.4620 0.5515
ArgRS_AF_Vir_Megavirus_chiliensis_gene11257368 0.5040 0.4425 0.3210 0.3435 0.5040 0.5750 0.3880 0.4255 0.4130 0.2625 0.3695 0.4490 0.5925 0.4430 0.2615 0.4810 0.3455 0.5655 0.5320 0.0000 0.5415 0.5280 0.2680 0.3480 0.3850 0.4550 0.3800 0.5585 0.3020 0.5340 0.2850 0.3115 0.4795 0.3030 0.5590 0.3575 0.3315 0.2440 0.3255 0.4360 0.5865 0.4860 0.4450 0.3100 0.4360 0.3320 0.2440
CysRS_AF_Bact_Prochlorococcus_marinus_subsp_marinus_str_CCMP1375_gene54200571 0.4205 0.3485 0.5360 0.3960 0.4510 0.4160 0.5125 0.4240 0.5270 0.5320 0.5570 0.3580 0.4310 0.3755 0.5070 0.3920 0.5215 0.3520 0.3430 0.5415 0.0000 0.4210 0.5040 0.4730 0.5345 0.4000 0.5015 0.4420 0.5805 0.3665 0.5380 0.5030 0.3695 0.5280 0.3560 0.5340 0.5340 0.5555 0.4850 0.5650 0.3660 0.4460 0.3735 0.5190 0.4265 0.4900 0.5600
CysRS_AF_Euk_Arabidopsis_thaliana_gene833874 0.3870 0.3750 0.5250 0.4875 0.4460 0.4860 0.4760 0.4360 0.5355 0.5065 0.4200 0.3690 0.4860 0.3830 0.5005 0.3935 0.5250 0.4500 0.3910 0.5280 0.4210 0.0000 0.4900 0.5345 0.5595 0.3165 0.4840 0.4480 0.5435 0.4250 0.5150 0.4835 0.3755 0.5330 0.4150 0.5465 0.4690 0.5350 0.5365 0.5155 0.4000 0.3960 0.3655 0.5270 0.4180 0.5085 0.5240
ArgRS_AF_Euk_Paulinella_chromatophora_gene6481434 0.4965 0.3840 0.3430 0.4695 0.5340 0.5090 0.3490 0.5200 0.3130 0.1340 0.3285 0.4315 0.4900 0.5115 0.1950 0.4860 0.3995 0.5360 0.5020 0.2680 0.5040 0.4900 0.0000 0.3180 0.3330 0.4190 0.3770 0.4905 0.2610 0.4915 0.2680 0.2830 0.4690 0.2565 0.5185 0.2825 0.3400 0.2950 0.2590 0.4210 0.5005 0.4515 0.4440 0.1820 0.3760 0.2960 0.2820
ArgRS_PDB_Bact_1IQ0 0.5040 0.3995 0.3160 0.4150 0.5110 0.2730 0.3590 0.3500 0.3790 0.3385 0.3380 0.4405 0.4285 0.5480 0.3400 0.4140 0.4150 0.5380 0.5190 0.3480 0.4730 0.5345 0.3180 0.0000 0.3960 0.5015 0.4030 0.5220 0.3795 0.5315 0.2905 0.3290 0.4825 0.3560 0.5215 0.3770 0.3900 0.3835 0.4200 0.4570 0.5390 0.5240 0.3900 0.3710 0.4265 0.3115 0.3890
ArgRS_AF_Bact_Corynebacterium_ulcerans_809_gene75260071 0.4830 0.4375 0.2980 0.4370 0.5545 0.4770 0.3330 0.3690 0.2740 0.3800 0.2770 0.4665 0.4320 0.4485 0.3360 0.4820 0.2480 0.5315 0.5460 0.3850 0.5345 0.5595 0.3330 0.3960 0.0000 0.5070 0.3750 0.5090 0.3635 0.5535 0.3060 0.3100 0.4765 0.3000 0.5585 0.2470 0.3650 0.3750 0.4010 0.4240 0.5670 0.4970 0.4390 0.3460 0.4760 0.3010 0.3780
CysRS_AF_Bact_Streptobacillus_moniliformis_DSM_12112_gene29673427 0.2950 0.2770 0.4420 0.4165 0.3560 0.3240 0.4240 0.2740 0.5270 0.4040 0.5420 0.2890 0.3100 0.3125 0.3910 0.3230 0.5455 0.3225 0.2390 0.4550 0.4000 0.3165 0.4190 0.5015 0.5070 0.0000 0.5230 0.3460 0.5170 0.3335 0.4505 0.4545 0.2450 0.4715 0.2830 0.5205 0.4665 0.4740 0.4700 0.5095 0.2670 0.3470 0.2750 0.4665 0.3410 0.4060 0.4615
ArgRS_AF_Mito_Caenorhabditis_elegans_gene174023 0.4990 0.4535 0.4400 0.4700 0.5435 0.4655 0.3910 0.4000 0.3720 0.3910 0.3940 0.4320 0.4810 0.5610 0.3875 0.4910 0.4020 0.4610 0.5175 0.3800 0.5015 0.4840 0.3770 0.4030 0.3750 0.5230 0.0000 0.4130 0.3595 0.4630 0.3850 0.3090 0.4935 0.3810 0.5720 0.4080 0.3410 0.4140 0.4815 0.4310 0.4895 0.5215 0.4265 0.3770 0.5050 0.4060 0.4040
CysRS_AF_Bact_Mycobacterium_canettii_CIPT_140010059_gene45427568 0.4120 0.4070 0.5230 0.4240 0.4165 0.3570 0.5490 0.3480 0.5545 0.5230 0.5310 0.4260 0.4080 0.4250 0.5360 0.3720 0.5185 0.3340 0.3420 0.5585 0.4420 0.4480 0.4905 0.5220 0.5090 0.3460 0.4130 0.0000 0.5000 0.4380 0.5075 0.4960 0.4140 0.5480 0.3535 0.5435 0.4855 0.5360 0.5460 0.2690 0.3640 0.4610 0.4290 0.5000 0.3790 0.5180 0.5360
ArgRS_AF_Bact_Chlamydia_psittaci_6BC_gene12242456 0.5150 0.4695 0.3175 0.3920 0.5470 0.5740 0.3490 0.5810 0.3580 0.2960 0.3050 0.5150 0.5715 0.5695 0.2850 0.5140 0.3500 0.5440 0.5580 0.3020 0.5805 0.5435 0.2610 0.3795 0.3635 0.5170 0.3595 0.5000 0.0000 0.5380 0.2570 0.2540 0.5180 0.2880 0.5735 0.3150 0.3305 0.3220 0.3270 0.4120 0.5505 0.4815 0.4660 0.2200 0.4355 0.3290 0.3410
CysRS_AF_Euk_Cyanidioschyzon_merolae_strain_10D_gene16993418 0.3795 0.2335 0.5070 0.3850 0.4375 0.4440 0.5270 0.4375 0.5355 0.4710 0.5295 0.2680 0.3940 0.4100 0.4940 0.3230 0.5830 0.4470 0.3090 0.5340 0.3665 0.4250 0.4915 0.5315 0.5535 0.3335 0.4630 0.4380 0.5380 0.0000 0.4890 0.4815 0.3510 0.5200 0.4340 0.5185 0.5005 0.5610 0.5700 0.5210 0.2890 0.3790 0.3160 0.5375 0.3670 0.4450 0.5655
ArgRS_AF_Arch_Candidatus_Nitrosopumilus_sediminis_gene13697696 0.5040 0.4110 0.2730 0.5000 0.5005 0.5450 0.3470 0.5140 0.3460 0.2900 0.3050 0.4850 0.5100 0.4980 0.2930 0.4885 0.3410 0.5120 0.5420 0.2850 0.5380 0.5150 0.2680 0.2905 0.3060 0.4505 0.3850 0.5075 0.2570 0.4890 0.0000 0.2660 0.4615 0.3320 0.5480 0.3210 0.2870 0.2890 0.3140 0.4090 0.5340 0.4890 0.4620 0.2840 0.4590 0.2860 0.3175
ArgRS_AF_Mito_Homo_sapiens_gene57038 0.4970 0.4270 0.2730 0.3070 0.5005 0.4590 0.3200 0.4050 0.3100 0.2560 0.2890 0.4720 0.3690 0.5545 0.2945 0.4820 0.3500 0.5825 0.5205 0.3115 0.5030 0.4835 0.2830 0.3290 0.3100 0.4545 0.3090 0.4960 0.2540 0.4815 0.2660 0.0000 0.4805 0.3220 0.5060 0.3290 0.2655 0.3570 0.3370 0.4000 0.5270 0.4715 0.4345 0.3220 0.5020 0.2750 0.3440
CysRS_AF_Mito_Morone_saxatilis_gene118339815 0.1560 0.2785 0.4665 0.3900 0.4360 0.4435 0.5070 0.3700 0.5160 0.4340 0.5205 0.3035 0.3810 0.3865 0.4320 0.2950 0.5105 0.3335 0.3020 0.4795 0.3695 0.3755 0.4690 0.4825 0.4765 0.2450 0.4935 0.4140 0.5180 0.3510 0.4615 0.4805 0.0000 0.5050 0.3450 0.4925 0.4420 0.5305 0.4965 0.5150 0.3375 0.3580 0.2565 0.4845 0.3100 0.4100 0.4745
ArgRS_AF_Bact_Streptobacillus_moniliformis_DSM_12112_gene29674021 0.4960 0.4805 0.3290 0.4450 0.5565 0.3265 0.3750 0.5540 0.3440 0.2950 0.3595 0.4620 0.4730 0.3740 0.2950 0.4795 0.3380 0.5435 0.5340 0.3030 0.5280 0.5330 0.2565 0.3560 0.3000 0.4715 0.3810 0.5480 0.2880 0.5200 0.3320 0.3220 0.5050 0.0000 0.5865 0.2870 0.3820 0.3705 0.3250 0.4380 0.5355 0.5040 0.4275 0.3020 0.4580 0.3640 0.3640
CysRS_AF_Bact_Bordetella_avium_197N_gene41394405 0.4010 0.4120 0.5600 0.4640 0.3590 0.2820 0.5820 0.2640 0.5750 0.5280 0.5845 0.4080 0.2680 0.4340 0.5210 0.3680 0.4875 0.2570 0.3745 0.5590 0.3560 0.4150 0.5185 0.5215 0.5585 0.2830 0.5720 0.3535 0.5735 0.4340 0.5480 0.5060 0.3450 0.5865 0.0000 0.5470 0.5395 0.5040 0.5920 0.5110 0.3240 0.4480 0.4150 0.5855 0.3720 0.4890 0.4805
ArgRS_AF_Bact_Anoxybacillus_flavithermus_WK1_gene7039015 0.4930 0.4675 0.3300 0.5640 0.4885 0.5085 0.3820 0.5110 0.1990 0.3620 0.2765 0.4715 0.5355 0.5500 0.3670 0.4325 0.2725 0.5265 0.5155 0.3575 0.5340 0.5465 0.2825 0.3770 0.2470 0.5205 0.4080 0.5435 0.3150 0.5185 0.3210 0.3290 0.4925 0.2870 0.5470 0.0000 0.4230 0.4065 0.4100 0.3920 0.5290 0.5025 0.4260 0.3365 0.4795 0.2500 0.4070
ArgRS_PDB_Euk_S_cerevisiae_1BS2 0.4845 0.4430 0.3700 0.2870 0.5075 0.4360 0.3670 0.4295 0.4150 0.2940 0.3675 0.4590 0.4500 0.4160 0.2710 0.3625 0.4020 0.4520 0.4810 0.3315 0.5340 0.4690 0.3400 0.3900 0.3650 0.4665 0.3410 0.4855 0.3305 0.5005 0.2870 0.2655 0.4420 0.3820 0.5395 0.4230 0.0000 0.3190 0.3410 0.4320 0.5060 0.4750 0.4550 0.3650 0.4885 0.3940 0.2995
ArgRS_AF_Euk_Polyodon_spathula_gene121324634 0.5405 0.4220 0.3690 0.4140 0.5490 0.3340 0.3700 0.4050 0.4140 0.2800 0.3745 0.4775 0.3675 0.5380 0.2830 0.5220 0.3600 0.5810 0.5550 0.2440 0.5555 0.5350 0.2950 0.3835 0.3750 0.4740 0.4140 0.5360 0.3220 0.5610 0.2890 0.3570 0.5305 0.3705 0.5040 0.4065 0.3190 0.0000 0.3030 0.4140 0.5435 0.4955 0.4300 0.2685 0.4255 0.3785 0.0590
ArgRS_AF_Euk_Thalassiosira_pseudonana_CCMP1335_gene7449555 0.5465 0.4570 0.3395 0.4290 0.5440 0.5180 0.4340 0.5725 0.3990 0.2640 0.3875 0.4625 0.5700 0.4410 0.2450 0.5520 0.4490 0.5570 0.5765 0.3255 0.4850 0.5365 0.2590 0.4200 0.4010 0.4700 0.4815 0.5460 0.3270 0.5700 0.3140 0.3370 0.4965 0.3250 0.5920 0.4100 0.3410 0.3030 0.0000 0.4610 0.5320 0.4900 0.4570 0.2790 0.4620 0.3770 0.3100
ArgRS_AF_Arch_Desulfurococcus_mucosus_DSM_2162_gene10153309 0.5235 0.4540 0.4095 0.4120 0.4935 0.4390 0.3990 0.2920 0.4245 0.4070 0.3850 0.4910 0.4285 0.4290 0.3440 0.4700 0.3590 0.2980 0.5365 0.4360 0.5650 0.5155 0.4210 0.4570 0.4240 0.5095 0.4310 0.2690 0.4120 0.5210 0.4090 0.4000 0.5150 0.4380 0.5110 0.3920 0.4320 0.4140 0.4610 0.0000 0.4815 0.5100 0.4205 0.4230 0.5160 0.4055 0.4135
CysRS_AF_Arch_Aciduliprofundum_boonei_T469_gene8827372 0.3425 0.2490 0.5385 0.3770 0.3020 0.3910 0.5685 0.3220 0.5580 0.4985 0.5575 0.2830 0.3470 0.3855 0.5160 0.3270 0.5165 0.3680 0.3085 0.5865 0.3660 0.4000 0.5005 0.5390 0.5670 0.2670 0.4895 0.3640 0.5505 0.2890 0.5340 0.5270 0.3375 0.5355 0.3240 0.5290 0.5060 0.5435 0.5320 0.4815 0.0000 0.3855 0.2915 0.5430 0.2830 0.5060 0.5665
CysRS_AF_Euk_Micromonas_commoda_gene8246535 0.3790 0.3250 0.5160 0.3460 0.4680 0.4860 0.5085 0.4115 0.4985 0.4790 0.5035 0.3325 0.4740 0.3340 0.4415 0.3250 0.4940 0.4325 0.3510 0.4860 0.4460 0.3960 0.4515 0.5240 0.4970 0.3470 0.5215 0.4610 0.4815 0.3790 0.4890 0.4715 0.3580 0.5040 0.4480 0.5025 0.4750 0.4955 0.4900 0.5100 0.3855 0.0000 0.3545 0.4400 0.4115 0.4315 0.4985
CysRS_AF_Mito_Saccharomyces_cerevisiae_S288C_gene855474 0.2745 0.1710 0.4365 0.4870 0.3760 0.4390 0.4540 0.3900 0.4645 0.4135 0.4585 0.1840 0.4270 0.2940 0.3655 0.2690 0.4430 0.3705 0.3310 0.4450 0.3735 0.3655 0.4440 0.3900 0.4390 0.2750 0.4265 0.4290 0.4660 0.3160 0.4620 0.4345 0.2565 0.4275 0.4150 0.4260 0.4550 0.4300 0.4570 0.4205 0.2915 0.3545 0.0000 0.4215 0.3310 0.4115 0.4380
ArgRS_AF_Euk_Micromonas_commoda_gene8250062 0.5370 0.4245 0.3340 0.4085 0.5540 0.5325 0.3230 0.4710 0.3145 0.2100 0.2980 0.4400 0.5195 0.5490 0.2530 0.4640 0.4060 0.5110 0.5005 0.3100 0.5190 0.5270 0.1820 0.3710 0.3460 0.4665 0.3770 0.5000 0.2200 0.5375 0.2840 0.3220 0.4845 0.3020 0.5855 0.3365 0.3650 0.2685 0.2790 0.4230 0.5430 0.4400 0.4215 0.0000 0.4550 0.3080 0.3205
CysRS_AF_Vir_Megavirus_chiliensis_gene11257271 0.3740 0.2740 0.5065 0.4255 0.4460 0.4200 0.5350 0.4120 0.5345 0.3800 0.4870 0.3290 0.3945 0.4510 0.3750 0.3790 0.5040 0.4550 0.3310 0.4360 0.4265 0.4180 0.3760 0.4265 0.4760 0.3410 0.5050 0.3790 0.4355 0.3670 0.4590 0.5020 0.3100 0.4580 0.3720 0.4795 0.4885 0.4255 0.4620 0.5160 0.2830 0.4115 0.3310 0.4550 0.0000 0.4040 0.4070
ArgRS_AF_Bact_Mycoplasma_hyopneumoniae_168-L_gene57100855 0.4545 0.3820 0.3040 0.5300 0.5025 0.5215 0.3650 0.4430 0.2345 0.2865 0.3050 0.4110 0.4955 0.5310 0.3130 0.4420 0.2950 0.5195 0.4620 0.3320 0.4900 0.5085 0.2960 0.3115 0.3010 0.4060 0.4060 0.5180 0.3290 0.4450 0.2860 0.2750 0.4100 0.3640 0.4890 0.2500 0.3940 0.3785 0.3770 0.4055 0.5060 0.4315 0.4115 0.3080 0.4040 0.0000 0.3720
ArgRS_AF_Euk_Homo_sapiens_gene5917 0.5000 0.4020 0.3955 0.2955 0.5510 0.4680 0.3890 0.5180 0.4075 0.2730 0.4030 0.4600 0.5000 0.4825 0.2680 0.5025 0.3350 0.5920 0.5515 0.2440 0.5600 0.5240 0.2820 0.3890 0.3780 0.4615 0.4040 0.5360 0.3410 0.5655 0.3175 0.3440 0.4745 0.3640 0.4805 0.4070 0.2995 0.0590 0.3100 0.4135 0.5665 0.4985 0.4380 0.3205 0.4070 0.3720 0.0000
