47
ArgRS_PDB_Arch_2ZUF 0.0000 0.9079 0.5400 0.2052 0.2596 0.2637 0.3368 0.1999 0.6359 0.2131 0.7072 0.2198 0.6907 0.2465 0.2581 0.5933 0.7212 0.8644 0.2481 0.9647 0.7685 0.2782 0.7166 0.2880 0.7611 0.6148 0.2934 0.8966 0.8741 0.4967 0.2094 0.5984 0.2708 1.0245 0.5865 0.2166 0.6937 0.2427 0.2985 0.5266 0.2373 0.2736 0.7953 0.3427 0.2164 0.7189 0.2000
CysRS_PDB_Bact_M_smegmatis_3C8Z 0.9079 0.0000 0.3866 0.8590 0.9294 1.0480 0.8202 0.7918 0.4411 0.7848 0.3372 0.9139 0.1983 0.8353 0.7002 0.3614 0.5117 0.3513 0.8107 0.3699 0.5053 0.7377 0.4490 1.0711 0.1808 0.4139 0.9432 0.4297 0.2932 0.3454 0.9187 0.3579 0.8438 0.5263 0.4204 0.8215 0.4958 0.9179 1.0569 0.3471 1.1738 1.0861 0.4119 0.7220 1.0164 0.4574 0.9706
CysRS_AF_Euk_Drosophila_melanogaster_gene36784 0.5400 0.3866 0.0000 0.5927 0.5578 0.6999 0.5012 0.4875 0.1933 0.4776 0.6816 0.5006 0.4241 0.5301 0.4916 0.2195 0.2595 0.5073 0.5876 0.5530 0.4552 0.4997 0.3465 0.5310 0.4465 0.2885 0.6124 0.4115 0.3880 0.1286 0.5969 0.4130 0.4962 0.7660 0.1797 0.6063 0.4815 0.5113 0.7722 0.0713 0.4861 0.5386 0.3639 0.5323 0.7160 0.4572 0.5578
ArgRS_AF_Arch_Candidatus_Nitrosopumilus_sediminis_gene13697696 0.2052 0.8590 0.5927 0.0000 0.2143 0.1914 0.2318 0.1617 0.6811 0.1839 0.7688 0.1790 0.7110 0.2672 0.1806 0.6645 0.6386 0.6753 0.1622 0.9366 0.7994 0.2001 0.6479 0.1791 0.8730 0.6850 0.1769 0.8731 0.9536 0.5643 0.1742 0.6846 0.1762 1.0273 0.6415 0.1688 0.7461 0.2422 0.3155 0.5892 0.2406 0.2739 0.7610 0.2497 0.1382 0.6868 0.1818
ArgRS_AF_Vir_Megavirus_chiliensis_gene11257368 0.2596 0.9294 0.5578 0.2143 0.0000 0.2267 0.1439 0.1626 0.6587 0.1497 0.7634 0.1770 0.6783 0.3267 0.1680 0.6888 0.6110 0.9468 0.2127 0.8660 0.8363 0.2198 0.5553 0.2669 0.8734 0.5568 0.2541 0.9443 0.9552 0.5475 0.1485 0.5812 0.1979 1.0500 0.5831 0.2534 0.7342 0.2975 0.4300 0.5174 0.3322 0.2694 0.7418 0.1480 0.2427 0.6442 0.2741
ArgRS_PDB_Euk_S_cerevisiae_1BS2 0.2637 1.0480 0.6999 0.1914 0.2267 0.0000 0.2047 0.1820 0.7633 0.2122 0.8440 0.2355 0.9228 0.3171 0.2395 0.5113 0.8079 0.7912 0.1447 0.8820 0.8572 0.2252 0.7232 0.2641 0.8108 0.6137 0.2754 0.8265 0.8841 0.4931 0.1668 0.6354 0.2253 0.9913 0.5984 0.2918 0.5425 0.2903 0.3615 0.5861 0.3503 0.2664 0.6909 0.2016 0.2512 0.6985 0.2559
ArgRS_AF_Euk_Polyodon_spathula_gene121324634 0.3368 0.8202 0.5012 0.2318 0.1439 0.2047 0.0000 0.1500 0.6911 0.1913 0.7482 0.2494 0.6794 0.2894 0.1722 0.7640 0.6252 0.7226 0.2541 0.9241 0.8085 0.1969 0.5721 0.2967 0.7859 0.5652 0.3068 0.8842 0.8210 0.4847 0.1557 0.6798 0.1983 1.0041 0.7068 0.2957 0.6394 0.3376 0.3925 0.4863 0.3604 0.3044 0.7443 0.0035 0.2620 0.6444 0.3576
ArgRS_AF_Bact_Prochlorococcus_marinus_subsp_marinus_str_CCMP1375_gene54199571 0.1999 0.7918 0.4875 0.1617 0.1626 0.1820 0.1500 0.0000 0.6170 0.0577 0.6491 0.1546 0.7036 0.2481 0.1306 0.5386 0.5866 0.7314 0.1581 0.8019 0.8628 0.1296 0.6127 0.2779 0.7818 0.5288 0.2376 0.8035 0.8035 0.4615 0.0839 0.5373 0.1476 0.9091 0.5394 0.1851 0.5944 0.2627 0.3182 0.4660 0.2822 0.2262 0.6996 0.1533 0.1948 0.6451 0.1968
CysRS_AF_Vir_Megavirus_chiliensis_gene11257271 0.6359 0.4411 0.1933 0.6811 0.6587 0.7633 0.6911 0.6170 0.0000 0.6032 0.5001 0.6928 0.3886 0.5716 0.6355 0.3074 0.3351 0.7073 0.6993 0.5596 0.5578 0.6178 0.3651 0.6317 0.4644 0.3155 0.5620 0.6183 0.4308 0.2657 0.6241 0.4419 0.6278 0.5394 0.2695 0.6248 0.5757 0.5862 0.6590 0.2180 0.5895 0.6387 0.4072 0.6337 0.7366 0.3896 0.5505
ArgRS_AF_Euk_Paulinella_chromatophora_gene6481434 0.2131 0.7848 0.4776 0.1839 0.1497 0.2122 0.1913 0.0577 0.6032 0.0000 0.6430 0.1629 0.6390 0.2279 0.1093 0.5155 0.5767 0.7445 0.1657 0.7522 0.6873 0.1508 0.5647 0.2456 0.9335 0.5410 0.2871 0.8586 0.8010 0.5212 0.0889 0.4881 0.1463 0.9649 0.5875 0.1873 0.5398 0.2487 0.3133 0.4900 0.3122 0.2240 0.6922 0.1927 0.1869 0.5668 0.1986
CysRS_AF_Bact_Porphyromonas_gingivalis_ATCC_33277_gene29256960 0.7072 0.3372 0.6816 0.7688 0.7634 0.8440 0.7482 0.6491 0.5001 0.6430 0.0000 0.7242 0.4075 0.6539 0.7069 0.4662 0.4002 0.4928 0.6996 0.4199 0.5158 0.7189 0.2691 0.7485 0.3446 0.6907 0.7510 0.5189 0.4164 0.3931 0.7389 0.4367 0.7722 0.5878 0.5349 0.8150 0.4180 0.6245 0.8339 0.5940 0.7757 0.8749 0.5044 0.7314 0.7571 0.3369 0.7096
ArgRS_AF_Bact_Streptobacillus_moniliformis_DSM_12112_gene29674021 0.2198 0.9139 0.5006 0.1790 0.1770 0.2355 0.2494 0.1546 0.6928 0.1629 0.7242 0.0000 0.6556 0.2904 0.1662 0.5635 0.8053 0.9181 0.2272 0.8763 0.9028 0.2155 0.7003 0.2480 0.8993 0.6226 0.2191 0.9685 1.0126 0.5676 0.1696 0.5543 0.1953 0.9910 0.6679 0.1968 0.5845 0.2627 0.3459 0.5902 0.2034 0.2566 0.7888 0.2543 0.2146 0.6677 0.2313
CysRS_AF_Arch_Pyrobaculum_ferrireducens_gene11593896 0.6907 0.1983 0.4241 0.7110 0.6783 0.9228 0.6794 0.7036 0.3886 0.6390 0.4075 0.6556 0.0000 0.5874 0.6444 0.4196 0.3747 0.4569 0.6570 0.3918 0.3977 0.6114 0.4134 0.6350 0.2648 0.3782 0.5893 0.4630 0.2967 0.4270 0.6960 0.4901 0.6355 0.6090 0.3363 0.6916 0.4892 0.5857 0.7410 0.3955 0.6519 0.6214 0.3626 0.6647 0.7042 0.2960 0.7369
ArgRS_AF_Bact_Mycoplasma_hyopneumoniae_168-L_gene57100855 0.2465 0.8353 0.5301 0.2672 0.3267 0.3171 0.2894 0.2481 0.5716 0.2279 0.6539 0.2904 0.5874 0.0000 0.2535 0.5226 0.5900 0.7312 0.2672 0.8390 0.9105 0.3057 0.5831 0.2154 0.7631 0.5177 0.2019 0.9530 0.8717 0.5290 0.2490 0.5244 0.2530 0.9098 0.5631 0.2703 0.7761 0.1812 0.3450 0.5054 0.1990 0.3880 0.7357 0.2824 0.2548 0.6038 0.3372
ArgRS_AF_Euk_Micromonas_commoda_gene8250062 0.2581 0.7002 0.4916 0.1806 0.1680 0.2395 0.1722 0.1306 0.6355 0.1093 0.7069 0.1662 0.6444 0.2535 0.0000 0.6803 0.6561 0.7878 0.2030 0.7882 0.8388 0.1806 0.7305 0.3004 0.9133 0.7001 0.2585 0.8791 0.8252 0.4307 0.1400 0.5215 0.1181 0.9547 0.5765 0.1974 0.5426 0.2618 0.3257 0.5201 0.2785 0.2756 0.7004 0.1835 0.2290 0.6308 0.2249
CysRS_AF_Mito_Morone_saxatilis_gene118339815 0.5933 0.3614 0.2195 0.6645 0.6888 0.5113 0.7640 0.5386 0.3074 0.5155 0.4662 0.5635 0.4196 0.5226 0.6803 0.0000 0.2387 0.5036 0.5298 0.4066 0.4409 0.5687 0.3545 0.6064 0.3971 0.0640 0.5814 0.4329 0.3866 0.2319 0.5845 0.3286 0.6906 0.5926 0.2474 0.5504 0.3782 0.8114 0.5710 0.2358 0.8238 0.5849 0.3242 0.5540 0.6132 0.2799 0.5670
CysRS_AF_Bact_Lactobacillus_amylovorus_GRL1118_gene66523130 0.7212 0.5117 0.2595 0.6386 0.6110 0.8079 0.6252 0.5866 0.3351 0.5767 0.4002 0.8053 0.3747 0.5900 0.6561 0.2387 0.0000 0.4146 0.7143 0.4192 0.4002 0.6221 0.2697 0.5989 0.3703 0.2602 0.5499 0.3556 0.4586 0.2985 0.5588 0.2890 0.7043 0.6208 0.2796 0.7310 0.3252 0.5942 0.8597 0.2838 0.6068 0.6777 0.4130 0.5939 0.6312 0.3544 0.6022
CysRS_AF_Bact_Prochlorococcus_marinus_subsp_marinus_str_CCMP1375_gene54200571 0.8644 0.3513 0.5073 0.6753 0.9468 0.7912 0.7226 0.7314 0.7073 0.7445 0.4928 0.9181 0.4569 0.7312 0.7878 0.5036 0.4146 0.0000 0.6534 0.4628 0.5717 0.7839 0.5813 0.8369 0.3253 0.4849 0.8709 0.5777 0.4513 0.5087 0.7665 0.4880 0.8018 0.6082 0.4663 0.8156 0.5112 0.7113 0.8958 0.4950 0.7738 0.7731 0.4816 0.8166 0.8636 0.4264 0.8003
ArgRS_AF_Mito_Homo_sapiens_gene57038 0.2481 0.8107 0.5876 0.1622 0.2127 0.1447 0.2541 0.1581 0.6993 0.1657 0.6996 0.2272 0.6570 0.2672 0.2030 0.5298 0.7143 0.6534 0.0000 0.7956 0.7876 0.2181 0.7309 0.2516 0.9307 0.5548 0.2444 0.7706 0.8330 0.5368 0.2016 0.5801 0.2112 0.9996 0.7616 0.2401 0.5241 0.2708 0.3477 0.5919 0.3347 0.2380 0.6579 0.2534 0.1791 0.6552 0.2356
CysRS_AF_Bact_Bordetella_avium_197N_gene41394405 0.9647 0.3699 0.5530 0.9366 0.8660 0.8820 0.9241 0.8019 0.5596 0.7522 0.4199 0.8763 0.3918 0.8390 0.7882 0.4066 0.4192 0.4628 0.7956 0.0000 0.5893 0.7232 0.4313 0.9815 0.2882 0.4432 0.9080 0.3751 0.3301 0.5118 0.8112 0.4798 0.7878 0.5715 0.4631 0.9527 0.4925 0.9861 0.9143 0.5610 0.9427 0.9641 0.4108 0.8086 0.9649 0.3961 1.0163
CysRS_AF_Bact_Treponema_pallidum_subsp_pertenue_str_SamoaD_gene57878631 0.7685 0.5053 0.4552 0.7994 0.8363 0.8572 0.8085 0.8628 0.5578 0.6873 0.5158 0.9028 0.3977 0.9105 0.8388 0.4409 0.4002 0.5717 0.7876 0.5893 0.0000 0.7623 0.2921 0.8809 0.4677 0.5879 0.8970 0.4729 0.4070 0.5088 0.7675 0.3771 0.8407 0.6052 0.4703 0.7513 0.6055 0.8136 0.8185 0.4593 0.8605 0.8887 0.4375 0.8490 0.8970 0.5738 0.9340
ArgRS_AF_Euk_Thalassiosira_pseudonana_CCMP1335_gene7449555 0.2782 0.7377 0.4997 0.2001 0.2198 0.2252 0.1969 0.1296 0.6178 0.1508 0.7189 0.2155 0.6114 0.3057 0.1806 0.5687 0.6221 0.7839 0.2181 0.7232 0.7623 0.0000 0.6286 0.2680 0.8857 0.6436 0.2931 0.6156 0.7698 0.4956 0.1439 0.6116 0.1721 0.9517 0.8094 0.2318 0.7367 0.2730 0.3107 0.5409 0.3294 0.3129 0.7136 0.1934 0.2087 0.7276 0.2545
CysRS_AF_Bact_Streptobacillus_moniliformis_DSM_12112_gene29673427 0.7166 0.4490 0.3465 0.6479 0.5553 0.7232 0.5721 0.6127 0.3651 0.5647 0.2691 0.7003 0.4134 0.5831 0.7305 0.3545 0.2697 0.5813 0.7309 0.4313 0.2921 0.6286 0.0000 0.8022 0.3206 0.3629 0.7324 0.4110 0.3873 0.2714 0.6468 0.4008 0.5708 0.7641 0.2699 0.7492 0.4711 0.5340 0.7516 0.4653 0.6804 0.8363 0.3293 0.5093 0.7854 0.2928 0.7352
ArgRS_AF_Bact_Cupriavidus_taiwanensis_LMG_19424_gene29762022 0.2880 1.0711 0.5310 0.1791 0.2669 0.2641 0.2967 0.2779 0.6317 0.2456 0.7485 0.2480 0.6350 0.2154 0.3004 0.6064 0.5989 0.8369 0.2516 0.9815 0.8809 0.2680 0.8022 0.0000 0.9655 0.5480 0.1844 0.9992 1.0090 0.5311 0.2613 0.5922 0.2601 0.9952 0.8299 0.2399 0.6758 0.1944 0.3147 0.6169 0.1994 0.3262 0.8228 0.3013 0.2205 0.8676 0.3166
CysRS_PDB_Bact_E_coli_1LI5 0.7611 0.1808 0.4465 0.8730 0.8734 0.8108 0.7859 0.7818 0.4644 0.9335 0.3446 0.8993 0.2648 0.7631 0.9133 0.3971 0.3703 0.3253 0.9307 0.2882 0.4677 0.8857 0.3206 0.9655 0.0000 0.3499 0.7995 0.4560 0.2933 0.3636 0.9091 0.3927 0.8881 0.4890 0.3757 0.8159 0.4861 0.7213 0.7793 0.4391 0.7920 1.1321 0.3859 0.8020 0.8936 0.3656 0.8849
CysRS_AF_Mito_Homo_sapiens_gene79587 0.6148 0.4139 0.2885 0.6850 0.5568 0.6137 0.5652 0.5288 0.3155 0.5410 0.6907 0.6226 0.3782 0.5177 0.7001 0.0640 0.2602 0.4849 0.5548 0.4432 0.5879 0.6436 0.3629 0.5480 0.3499 0.0000 0.5931 0.5206 0.3930 0.2687 0.5763 0.3634 0.5814 0.6015 0.2657 0.5587 0.3474 0.6880 0.5698 0.2466 0.6764 0.6232 0.3292 0.5655 0.6253 0.3402 0.5738
ArgRS_AF_Bact_Corynebacterium_ulcerans_809_gene75260071 0.2934 0.9432 0.6124 0.1769 0.2541 0.2754 0.3068 0.2376 0.5620 0.2871 0.7510 0.2191 0.5893 0.2019 0.2585 0.5814 0.5499 0.8709 0.2444 0.9080 0.8970 0.2931 0.7324 0.1844 0.7995 0.5931 0.0000 1.0190 0.9065 0.5418 0.2718 0.5957 0.2653 0.9265 0.5998 0.2277 0.7423 0.1742 0.3708 0.5275 0.1426 0.3278 0.7676 0.3153 0.2452 0.8000 0.3140
CysRS_AF_Bact_Mycobacterium_canettii_CIPT_140010059_gene45427568 0.8966 0.4297 0.4115 0.8731 0.9443 0.8265 0.8842 0.8035 0.6183 0.8586 0.5189 0.9685 0.4630 0.9530 0.8791 0.4329 0.3556 0.5777 0.7706 0.3751 0.4729 0.6156 0.4110 0.9992 0.4560 0.5206 1.0190 0.0000 0.4530 0.4538 0.8913 0.5072 0.9321 0.6174 0.4889 1.0005 0.6168 0.9609 0.9530 0.5741 0.8986 1.1005 0.4695 0.8878 0.9847 0.4646 1.0395
CysRS_AF_Arch_Methanospirillum_hungatei_JF-1_gene3922979 0.8741 0.2932 0.3880 0.9536 0.9552 0.8841 0.8210 0.8035 0.4308 0.8010 0.4164 1.0126 0.2967 0.8717 0.8252 0.3866 0.4586 0.4513 0.8330 0.3301 0.4070 0.7698 0.3873 1.0090 0.2933 0.3930 0.9065 0.4530 0.0000 0.5485 0.9017 0.4451 0.9297 0.5039 0.3862 0.7590 0.6184 0.8582 0.9815 0.4912 0.8970 0.9271 0.3479 0.8257 0.9061 0.3590 0.9066
CysRS_AF_Mito_Saccharomyces_cerevisiae_S288C_gene855474 0.4967 0.3454 0.1286 0.5643 0.5475 0.4931 0.4847 0.4615 0.2657 0.5212 0.3931 0.5676 0.4270 0.5290 0.4307 0.2319 0.2985 0.5087 0.5368 0.5118 0.5088 0.4956 0.2714 0.5311 0.3636 0.2687 0.5418 0.4538 0.5485 0.0000 0.5428 0.3046 0.6066 0.6298 0.2192 0.4765 0.4251 0.4928 0.5362 0.1595 0.5254 0.5896 0.3737 0.5413 0.5244 0.3640 0.4772
ArgRS_AF_Bact_Escherichia_coli_O157:H7_str._Sakai_gene912519 0.2094 0.9187 0.5969 0.1742 0.1485 0.1668 0.1557 0.0839 0.6241 0.0889 0.7389 0.1696 0.6960 0.2490 0.1400 0.5845 0.5588 0.7665 0.2016 0.8112 0.7675 0.1439 0.6468 0.2613 0.9091 0.5763 0.2718 0.8913 0.9017 0.5428 0.0000 0.6132 0.1778 0.9574 0.5998 0.2057 0.6814 0.2797 0.2637 0.4967 0.2912 0.2666 0.6655 0.1589 0.1932 0.6385 0.2229
CysRS_AF_Euk_Micromonas_commoda_gene8246535 0.5984 0.3579 0.4130 0.6846 0.5812 0.6354 0.6798 0.5373 0.4419 0.4881 0.4367 0.5543 0.4901 0.5244 0.5215 0.3286 0.2890 0.4880 0.5801 0.4798 0.3771 0.6116 0.4008 0.5922 0.3927 0.3634 0.5957 0.5072 0.4451 0.3046 0.6132 0.0000 0.5410 0.8198 0.3164 0.5322 0.3386 0.6259 0.7138 0.4135 0.5779 0.6296 0.4174 0.6030 0.6583 0.4275 0.6081
ArgRS_AF_Bact_Chlamydia_psittaci_6BC_gene12242456 0.2708 0.8438 0.4962 0.1762 0.1979 0.2253 0.1983 0.1476 0.6278 0.1463 0.7722 0.1953 0.6355 0.2530 0.1181 0.6906 0.7043 0.8018 0.2112 0.7878 0.8407 0.1721 0.5708 0.2601 0.8881 0.5814 0.2653 0.9321 0.9297 0.6066 0.1778 0.5410 0.0000 1.0142 0.6703 0.2159 0.7564 0.2645 0.3184 0.6855 0.2932 0.2833 0.7622 0.2105 0.2558 0.6131 0.2131
CysRS_AF_Bact_Mycoplasma_hyopneumoniae_168-L_gene57101512 1.0245 0.5263 0.7660 1.0273 1.0500 0.9913 1.0041 0.9091 0.5394 0.9649 0.5878 0.9910 0.6090 0.9098 0.9547 0.5926 0.6208 0.6082 0.9996 0.5715 0.6052 0.9517 0.7641 0.9952 0.4890 0.6015 0.9265 0.6174 0.5039 0.6298 0.9574 0.8198 1.0142 0.0000 0.8743 0.9293 0.8131 0.9912 1.2120 0.9695 0.9349 1.0367 0.6437 0.9835 0.9810 0.5392 0.9416
CysRS_AF_Euk_Cyanidioschyzon_merolae_strain_10D_gene16993418 0.5865 0.4204 0.1797 0.6415 0.5831 0.5984 0.7068 0.5394 0.2695 0.5875 0.5349 0.6679 0.3363 0.5631 0.5765 0.2474 0.2796 0.4663 0.7616 0.4631 0.4703 0.8094 0.2699 0.8299 0.3757 0.2657 0.5998 0.4889 0.3862 0.2192 0.5998 0.3164 0.6703 0.8743 0.0000 0.5987 0.4683 0.6566 0.6880 0.1719 0.6232 0.5554 0.3769 0.6718 0.6745 0.3367 0.5570
ArgRS_AF_Arch_Methanothermococcus_okinawensis_IH1_gene10773248 0.2166 0.8215 0.6063 0.1688 0.2534 0.2918 0.2957 0.1851 0.6248 0.1873 0.8150 0.1968 0.6916 0.2703 0.1974 0.5504 0.7310 0.8156 0.2401 0.9527 0.7513 0.2318 0.7492 0.2399 0.8159 0.5587 0.2277 1.0005 0.7590 0.4765 0.2057 0.5322 0.2159 0.9293 0.5987 0.0000 0.6334 0.2388 0.3288 0.4670 0.2037 0.2799 0.8256 0.2915 0.1772 0.6657 0.2207
CysRS_AF_Euk_Arabidopsis_thaliana_gene833874 0.6937 0.4958 0.4815 0.7461 0.7342 0.5425 0.6394 0.5944 0.5757 0.5398 0.4180 0.5845 0.4892 0.7761 0.5426 0.3782 0.3252 0.5112 0.5241 0.4925 0.6055 0.7367 0.4711 0.6758 0.4861 0.3474 0.7423 0.6168 0.6184 0.4251 0.6814 0.3386 0.7564 0.8131 0.4683 0.6334 0.0000 0.7520 0.8160 0.4330 0.7421 0.5353 0.4487 0.6656 0.7509 0.3370 0.7457
ArgRS_AF_Bact_Brachyspira_pilosicoli_95_1000_gene56439668 0.2427 0.9179 0.5113 0.2422 0.2975 0.2903 0.3376 0.2627 0.5862 0.2487 0.6245 0.2627 0.5857 0.1812 0.2618 0.8114 0.5942 0.7113 0.2708 0.9861 0.8136 0.2730 0.5340 0.1944 0.7213 0.6880 0.1742 0.9609 0.8582 0.4928 0.2797 0.6259 0.2645 0.9912 0.6566 0.2388 0.7520 0.0000 0.3370 0.5061 0.1595 0.3349 0.8367 0.3365 0.2876 0.5985 0.3561
ArgRS_AF_Arch_Desulfurococcus_mucosus_DSM_2162_gene10153309 0.2985 1.0569 0.7722 0.3155 0.4300 0.3615 0.3925 0.3182 0.6590 0.3133 0.8339 0.3459 0.7410 0.3450 0.3257 0.5710 0.8597 0.8958 0.3477 0.9143 0.8185 0.3107 0.7516 0.3147 0.7793 0.5698 0.3708 0.9530 0.9815 0.5362 0.2637 0.7138 0.3184 1.2120 0.6880 0.3288 0.8160 0.3370 0.0000 0.6062 0.3708 0.4036 0.7588 0.3725 0.2684 0.8250 0.3884
CysRS_AF_Euk_Homo_sapiens_gene833 0.5266 0.3471 0.0713 0.5892 0.5174 0.5861 0.4863 0.4660 0.2180 0.4900 0.5940 0.5902 0.3955 0.5054 0.5201 0.2358 0.2838 0.4950 0.5919 0.5610 0.4593 0.5409 0.4653 0.6169 0.4391 0.2466 0.5275 0.5741 0.4912 0.1595 0.4967 0.4135 0.6855 0.9695 0.1719 0.4670 0.4330 0.5061 0.6062 0.0000 0.5143 0.6105 0.4009 0.4832 0.5809 0.4621 0.5219
ArgRS_AF_Bact_Anoxybacillus_flavithermus_WK1_gene7039015 0.2373 1.1738 0.4861 0.2406 0.3322 0.3503 0.3604 0.2822 0.5895 0.3122 0.7757 0.2034 0.6519 0.1990 0.2785 0.8238 0.6068 0.7738 0.3347 0.9427 0.8605 0.3294 0.6804 0.1994 0.7920 0.6764 0.1426 0.8986 0.8970 0.5254 0.2912 0.5779 0.2932 0.9349 0.6232 0.2037 0.7421 0.1595 0.3708 0.5143 0.0000 0.3305 0.7711 0.3687 0.2607 0.6635 0.3398
ArgRS_AF_Mito_Caenorhabditis_elegans_gene174023 0.2736 1.0861 0.5386 0.2739 0.2694 0.2664 0.3044 0.2262 0.6387 0.2240 0.8749 0.2566 0.6214 0.3880 0.2756 0.5849 0.6777 0.7731 0.2380 0.9641 0.8887 0.3129 0.8363 0.3262 1.1321 0.6232 0.3278 1.1005 0.9271 0.5896 0.2666 0.6296 0.2833 1.0367 0.5554 0.2799 0.5353 0.3349 0.4036 0.6105 0.3305 0.0000 0.6521 0.3419 0.3167 0.7476 0.2735
CysRS_AF_Arch_Aciduliprofundum_boonei_T469_gene8827372 0.7953 0.4119 0.3639 0.7610 0.7418 0.6909 0.7443 0.6996 0.4072 0.6922 0.5044 0.7888 0.3626 0.7357 0.7004 0.3242 0.4130 0.4816 0.6579 0.4108 0.4375 0.7136 0.3293 0.8228 0.3859 0.3292 0.7676 0.4695 0.3479 0.3737 0.6655 0.4174 0.7622 0.6437 0.3769 0.8256 0.4487 0.8367 0.7588 0.4009 0.7711 0.6521 0.0000 0.7429 0.7684 0.2207 0.7259
ArgRS_AF_Euk_Homo_sapiens_gene5917 0.3427 0.7220 0.5323 0.2497 0.1480 0.2016 0.0035 0.1533 0.6337 0.1927 0.7314 0.2543 0.6647 0.2824 0.1835 0.5540 0.5939 0.8166 0.2534 0.8086 0.8490 0.1934 0.5093 0.3013 0.8020 0.5655 0.3153 0.8878 0.8257 0.5413 0.1589 0.6030 0.2105 0.9835 0.6718 0.2915 0.6656 0.3365 0.3725 0.4832 0.3687 0.3419 0.7429 0.0000 0.2990 0.6585 0.3617
ArgRS_AF_Arch_Candidatus_Korarchaeum_cryptofilum_OPF8_gene6093502 0.2164 1.0164 0.7160 0.1382 0.2427 0.2512 0.2620 0.1948 0.7366 0.1869 0.7571 0.2146 0.7042 0.2548 0.2290 0.6132 0.6312 0.8636 0.1791 0.9649 0.8970 0.2087 0.7854 0.2205 0.8936 0.6253 0.2452 0.9847 0.9061 0.5244 0.1932 0.6583 0.2558 0.9810 0.6745 0.1772 0.7509 0.2876 0.2684 0.5809 0.2607 0.3167 0.7684 0.2990 0.0000 0.8308 0.1869
CysRS_AF_Arch_Candidatus_Nitrosopumilus_sediminis_gene13696907 0.7189 0.4574 0.4572 0.6868 0.6442 0.6985 0.6444 0.6451 0.3896 0.5668 0.3369 0.6677 0.2960 0.6038 0.6308 0.2799 0.3544 0.4264 0.6552 0.3961 0.5738 0.7276 0.2928 0.8676 0.3656 0.3402 0.8000 0.4646 0.3590 0.3640 0.6385 0.4275 0.6131 0.5392 0.3367 0.6657 0.3370 0.5985 0.8250 0.4621 0.6635 0.7476 0.2207 0.6585 0.8308 0.0000 0.8491
ArgRS_PDB_Bact_1IQ0 0.2000 0.9706 0.5578 0.1818 0.2741 0.2559 0.3576 0.1968 0.5505 0.1986 0.7096 0.2313 0.7369 0.3372 0.2249 0.5670 0.6022 0.8003 0.2356 1.0163 0.9340 0.2545 0.7352 0.3166 0.8849 0.5738 0.3140 1.0395 0.9066 0.4772 0.2229 0.6081 0.2131 0.9416 0.5570 0.2207 0.7457 0.3561 0.3884 0.5219 0.3398 0.2735 0.7259 0.3617 0.1869 0.8491 0.0000
