47
ArgRS_AF_Bact_Corynebacterium_ulcerans_809_gene75260071 0.0000 1.4617 6.7139 9.2188 6.7139 9.2188 1.7012 5.2829 5.9046 2.1486 1.9868 2.4009 6.7139 5.9046 2.9319 11.1678 17.5624 1.9153 4.7977 17.5624 17.5624 2.1486 2.3447 2.1054 2.1939 2.2917 2.0642 1.8174 2.3447 1.8815 2.1486 22.7660 9.2188 22.7660 4.7977 4.4124 4.7977 4.1012 2.4608 2.3447 13.8457 4.4124 5.9046 3.4509 1.4004 1.9153 2.4608
ArgRS_AF_Bact_Cupriavidus_taiwanensis_LMG_19424_gene29762022 1.4617 0.0000 7.7839 9.2188 5.9046 5.9046 1.8174 5.9046 2.8354 1.9153 1.8815 2.4009 4.7977 3.8455 2.5247 3.6320 9.2188 1.8174 6.7139 9.2188 11.1678 1.9868 1.9868 2.1939 2.0642 2.2415 1.9153 1.9153 2.4608 2.1054 2.2917 6.7139 5.2829 13.8457 3.6320 4.4124 3.8455 3.8455 1.9503 2.1486 11.1678 4.7977 4.1012 4.7977 1.3808 1.7870 2.1939
CysRS_AF_Arch_Methanospirillum_hungatei_JF-1_gene3922979 6.7139 7.7839 0.0000 2.9319 17.5624 3.4509 9.2188 7.7839 2.9319 4.4124 22.7660 13.8457 5.2829 2.6673 9.2188 2.5247 3.1591 13.8457 2.7476 2.9319 2.8354 11.1678 5.9046 5.9046 7.7839 5.9046 17.5624 11.1678 11.1678 7.7839 13.8457 4.1012 2.7476 13.8457 5.9046 3.0390 3.2951 7.7839 7.7839 9.2188 13.8457 2.4608 3.0390 2.8354 7.7839 4.7977 5.2829
CysRS_AF_Arch_Candidatus_Nitrosopumilus_sediminis_gene13696907 9.2188 9.2188 2.9319 0.0000 7.7839 2.9319 4.4124 3.2951 2.8354 4.7977 5.9046 5.9046 3.4509 2.4009 6.7139 3.2951 3.4509 6.7139 3.0390 4.1012 2.5247 4.4124 6.7139 5.2829 7.7839 5.2829 7.7839 9.2188 5.9046 9.2188 11.1678 3.8455 2.5933 9.2188 3.6320 3.0390 2.5247 5.2829 4.4124 13.8457 5.9046 2.4009 2.2415 3.0390 11.1678 5.2829 5.2829
ArgRS_AF_Mito_Caenorhabditis_elegans_gene174023 6.7139 5.9046 17.5624 7.7839 0.0000 3.4509 4.4124 3.6320 9.2188 6.7139 6.7139 5.2829 3.2951 13.8457 40.5273 7.7839 22.7660 7.7839 11.1678 11.1678 13.8457 6.7139 4.7977 3.1591 4.1012 4.1012 6.7139 5.9046 9.2188 6.7139 11.1678 151.7419 22.7660 4.4124 3.6320 7.7839 5.2829 17.5624 5.2829 13.8457 40.5273 4.1012 5.9046 6.7139 6.7139 11.1678 5.2829
CysRS_AF_Euk_Cyanidioschyzon_merolae_strain_10D_gene16993418 9.2188 5.9046 3.4509 2.9319 3.4509 0.0000 9.2188 2.7476 3.2951 6.7139 7.7839 4.4124 2.5247 3.6320 13.8457 4.4124 3.0390 9.2188 3.4509 3.8455 3.4509 9.2188 11.1678 6.7139 6.7139 6.7139 11.1678 7.7839 7.7839 9.2188 7.7839 4.1012 2.9319 5.9046 3.0390 2.5247 2.6673 13.8457 5.2829 7.7839 7.7839 3.4509 2.9319 3.0390 7.7839 7.7839 7.7839
ArgRS_PDB_Arch_2ZUF 1.7012 1.8174 9.2188 4.4124 4.4124 9.2188 0.0000 3.6320 3.8455 1.9153 2.0247 2.3447 3.6320 3.2951 2.1054 6.7139 11.1678 1.5049 9.2188 6.7139 7.7839 1.5979 1.8815 1.8174 2.2415 2.1054 1.7289 1.4617 2.1486 1.6226 1.2376 9.2188 6.7139 5.2829 4.7977 4.1012 4.7977 3.8455 2.0247 2.1054 5.2829 4.1012 4.1012 5.2829 1.7289 2.1054 2.1486
CysRS_AF_Euk_Homo_sapiens_gene833 5.2829 5.9046 7.7839 3.2951 3.6320 2.7476 3.6320 0.0000 4.1012 4.7977 9.2188 11.1678 1.2211 3.1591 13.8457 4.1012 4.1012 5.9046 3.6320 4.7977 3.4509 6.7139 5.2829 4.4124 4.4124 4.1012 5.9046 4.4124 3.8455 5.9046 7.7839 13.8457 9.2188 3.4509 2.1486 3.2951 3.6320 11.1678 4.7977 5.9046 7.7839 3.4509 3.6320 2.8354 4.1012 4.4124 13.8457
CysRS_AF_Bact_Treponema_pallidum_subsp_pertenue_str_SamoaD_gene57878631 5.9046 2.8354 2.9319 2.8354 9.2188 3.2951 3.8455 4.1012 0.0000 3.8455 4.4124 4.4124 3.1591 2.6673 7.7839 3.0390 2.8354 4.7977 3.0390 3.0390 3.2951 4.7977 4.7977 6.7139 3.6320 4.1012 4.7977 9.2188 4.1012 7.7839 9.2188 3.1591 2.5933 11.1678 3.4509 2.4009 3.0390 5.9046 3.8455 4.1012 30.1064 2.6673 2.7476 2.5247 4.1012 5.2829 7.7839
ArgRS_AF_Bact_Prochlorococcus_marinus_subsp_marinus_str_CCMP1375_gene54199571 2.1486 1.9153 4.4124 4.7977 6.7139 6.7139 1.9153 4.7977 3.8455 0.0000 1.8489 2.1486 3.8455 5.2829 1.7575 5.9046 9.2188 1.8815 5.9046 5.9046 9.2188 1.5737 0.7966 2.4009 1.4830 1.5979 1.4004 1.9868 2.3447 2.0642 2.0642 9.2188 6.7139 9.2188 3.6320 4.4124 4.1012 5.2829 1.5049 1.2714 4.1012 4.4124 5.2829 4.4124 2.2415 2.8354 1.6226
ArgRS_PDB_Euk_S_cerevisiae_1BS2 1.9868 1.8815 22.7660 5.9046 6.7139 7.7839 2.0247 9.2188 4.4124 1.8489 0.0000 1.5737 22.7660 9.2188 2.2917 7.7839 13.8457 1.9868 9.2188 22.7660 17.5624 1.9153 1.9503 2.5933 2.1486 2.2415 1.9868 2.3447 2.4009 2.1939 2.2415 13.8457 9.2188 7.7839 4.4124 9.2188 6.7139 4.7977 2.1054 1.9503 22.7660 5.9046 5.9046 9.2188 2.3447 3.1591 2.0642
ArgRS_AF_Mito_Homo_sapiens_gene57038 2.4009 2.4009 13.8457 5.9046 5.2829 4.4124 2.3447 11.1678 4.4124 2.1486 1.5737 0.0000 6.7139 7.7839 2.5247 9.2188 9.2188 2.1939 7.7839 9.2188 5.9046 2.2415 2.2917 2.2917 2.2415 2.1939 2.1939 2.4009 3.2951 2.4009 2.2415 5.9046 6.7139 17.5624 4.7977 6.7139 5.9046 3.8455 2.1486 2.6673 40.5273 6.7139 4.7977 4.4124 2.7476 3.4509 2.1054
CysRS_AF_Euk_Drosophila_melanogaster_gene36784 6.7139 4.7977 5.2829 3.4509 3.2951 2.5247 3.6320 1.2211 3.1591 3.8455 22.7660 6.7139 0.0000 3.1591 11.1678 3.8455 4.4124 5.2829 4.4124 4.1012 3.6320 6.7139 5.2829 3.8455 4.4124 3.6320 5.9046 5.2829 4.7977 5.2829 5.9046 6.7139 7.7839 3.4509 1.9503 2.6673 3.2951 6.7139 3.8455 4.1012 5.9046 3.0390 2.8354 2.8354 3.8455 4.7977 5.2829
CysRS_AF_Bact_Streptobacillus_moniliformis_DSM_12112_gene29673427 5.9046 3.8455 2.6673 2.4009 13.8457 3.6320 3.2951 3.1591 2.6673 5.2829 9.2188 7.7839 3.1591 0.0000 17.5624 2.3447 3.6320 3.6320 2.7476 3.1591 2.7476 3.4509 5.9046 5.9046 5.2829 3.8455 7.7839 4.4124 7.7839 4.1012 5.9046 4.7977 2.6673 3.6320 3.0390 2.4009 2.1939 4.7977 4.7977 4.7977 5.2829 2.5247 2.0642 2.8354 7.7839 4.7977 5.2829
ArgRS_AF_Vir_Megavirus_chiliensis_gene11257368 2.9319 2.5247 9.2188 6.7139 40.5273 13.8457 2.1054 13.8457 7.7839 1.7575 2.2917 2.5247 11.1678 17.5624 0.0000 17.5624 11.1678 2.5247 13.8457 17.5624 11.1678 1.9868 1.8815 2.7476 1.8174 1.7870 1.9503 2.5247 2.9319 2.3447 2.5933 17.5624 17.5624 13.8457 7.7839 40.5273 11.1678 9.2188 1.9153 1.9868 7.7839 7.7839 17.5624 13.8457 2.9319 2.1486 2.0247
CysRS_AF_Bact_Porphyromonas_gingivalis_ATCC_33277_gene29256960 11.1678 3.6320 2.5247 3.2951 7.7839 4.4124 6.7139 4.1012 3.0390 5.9046 7.7839 9.2188 3.8455 2.3447 17.5624 0.0000 2.9319 4.1012 2.5247 3.1591 3.4509 6.7139 6.7139 4.1012 7.7839 7.7839 11.1678 5.9046 7.7839 5.2829 11.1678 3.1591 2.4608 6.7139 4.7977 3.6320 2.8354 5.9046 4.4124 6.7139 13.8457 1.9868 2.3447 2.9319 5.9046 4.7977 5.2829
CysRS_AF_Arch_Pyrobaculum_ferrireducens_gene11593896 17.5624 9.2188 3.1591 3.4509 22.7660 3.0390 11.1678 4.1012 2.8354 9.2188 13.8457 9.2188 4.4124 3.6320 11.1678 2.9319 0.0000 9.2188 3.0390 4.1012 2.5933 22.7660 11.1678 6.7139 9.2188 7.7839 6.7139 17.5624 30.1064 17.5624 11.1678 3.1591 2.9319 7.7839 4.7977 3.4509 3.2951 11.1678 6.7139 13.8457 17.5624 2.5247 3.8455 2.9319 6.7139 7.7839 9.2188
ArgRS_PDB_Bact_1IQ0 1.9153 1.8174 13.8457 6.7139 7.7839 9.2188 1.5049 5.9046 4.7977 1.8815 1.9868 2.1939 5.2829 3.6320 2.5247 4.1012 9.2188 0.0000 9.2188 17.5624 11.1678 1.8815 1.7870 2.0642 2.2415 2.2415 1.6481 1.7870 2.1486 1.5737 1.7870 13.8457 11.1678 7.7839 4.1012 4.7977 5.9046 3.6320 2.4009 2.1054 5.9046 4.1012 3.6320 4.4124 1.8489 2.4608 2.1054
CysRS_AF_Bact_Bordetella_avium_197N_gene41394405 4.7977 6.7139 2.7476 3.0390 11.1678 3.4509 9.2188 3.6320 3.0390 5.9046 9.2188 7.7839 4.4124 2.7476 13.8457 2.5247 3.0390 9.2188 0.0000 3.6320 3.2951 17.5624 5.9046 3.8455 11.1678 9.2188 6.7139 5.2829 17.5624 17.5624 11.1678 4.7977 2.4009 6.7139 7.7839 4.1012 2.5933 5.2829 6.7139 13.8457 17.5624 2.4608 2.0247 2.9319 9.2188 13.8457 17.5624
CysRS_AF_Bact_Mycobacterium_canettii_CIPT_140010059_gene45427568 17.5624 9.2188 2.9319 4.1012 11.1678 3.8455 6.7139 4.7977 3.0390 5.9046 22.7660 9.2188 4.1012 3.1591 17.5624 3.1591 4.1012 17.5624 3.6320 0.0000 3.8455 9.2188 9.2188 5.2829 6.7139 6.7139 11.1678 7.7839 7.7839 5.9046 5.9046 4.7977 2.8354 7.7839 4.4124 2.4608 3.0390 4.7977 5.9046 5.9046 55.4016 4.4124 3.4509 2.5933 9.2188 4.1012 9.2188
CysRS_AF_Arch_Aciduliprofundum_boonei_T469_gene8827372 17.5624 11.1678 2.8354 2.5247 13.8457 3.4509 7.7839 3.4509 3.2951 9.2188 17.5624 5.9046 3.6320 2.7476 11.1678 3.4509 2.5933 11.1678 3.2951 3.8455 0.0000 30.1064 13.8457 7.7839 6.7139 4.7977 17.5624 7.7839 9.2188 11.1678 9.2188 4.1012 3.1591 7.7839 4.7977 3.0390 2.8354 17.5624 13.8457 7.7839 22.7660 2.9319 3.1591 2.9319 17.5624 4.7977 4.4124
ArgRS_AF_Bact_Streptobacillus_moniliformis_DSM_12112_gene29674021 2.1486 1.9868 11.1678 4.4124 6.7139 9.2188 1.5979 6.7139 4.7977 1.5737 1.9153 2.2415 6.7139 3.4509 1.9868 6.7139 22.7660 1.8815 17.5624 9.2188 30.1064 0.0000 1.5979 2.3447 1.9153 1.8815 1.7575 2.0642 2.3447 1.8174 1.8489 30.1064 17.5624 22.7660 5.9046 4.4124 4.4124 3.1591 1.8174 1.7012 3.6320 7.7839 5.2829 7.7839 2.0247 2.8354 1.9153
ArgRS_AF_Euk_Paulinella_chromatophora_gene6481434 2.3447 1.9868 5.9046 6.7139 4.7977 11.1678 1.8815 5.2829 4.7977 0.7966 1.9503 2.2917 5.2829 5.9046 1.8815 6.7139 11.1678 1.7870 5.9046 9.2188 13.8457 1.5979 0.0000 2.2917 1.4617 1.5502 1.4004 1.9868 2.4009 1.9503 1.9868 13.8457 7.7839 9.2188 5.2829 6.7139 4.7977 4.7977 1.4408 1.2211 4.4124 4.7977 6.7139 6.7139 2.2917 2.5933 1.6226
ArgRS_AF_Bact_Mycoplasma_hyopneumoniae_168-L_gene57100855 2.1054 2.1939 5.9046 5.2829 3.1591 6.7139 1.8174 4.4124 6.7139 2.4009 2.5933 2.2917 3.8455 5.9046 2.7476 4.1012 6.7139 2.0642 3.8455 5.2829 7.7839 2.3447 2.2917 0.0000 2.4009 2.2917 2.0642 1.7012 2.5933 1.8815 2.4009 13.8457 7.7839 7.7839 4.4124 7.7839 4.7977 3.2951 2.3447 2.3447 11.1678 3.2951 4.4124 5.2829 1.7289 2.1054 2.2917
ArgRS_AF_Euk_Polyodon_spathula_gene121324634 2.1939 2.0642 7.7839 7.7839 4.1012 6.7139 2.2415 4.4124 3.6320 1.4830 2.1486 2.2415 4.4124 5.2829 1.8174 7.7839 9.2188 2.2415 11.1678 6.7139 6.7139 1.9153 1.4617 2.4009 0.0000 0.5933 1.4830 2.1939 2.5933 2.4009 2.5933 9.2188 6.7139 7.7839 3.8455 6.7139 5.2829 5.2829 1.4830 1.6743 5.9046 5.9046 5.2829 5.2829 2.6673 2.2917 1.6481
ArgRS_AF_Euk_Homo_sapiens_gene5917 2.2917 2.2415 5.9046 5.2829 4.1012 6.7139 2.1054 4.1012 4.1012 1.5979 2.2415 2.1939 3.6320 3.8455 1.7870 7.7839 7.7839 2.2415 9.2188 6.7139 4.7977 1.8815 1.5502 2.2917 0.5933 0.0000 1.5049 2.2917 2.5247 2.3447 2.4608 7.7839 9.2188 9.2188 4.1012 4.4124 5.9046 4.4124 1.5737 1.6226 5.2829 6.7139 4.1012 3.8455 2.5247 2.1939 1.5737
ArgRS_AF_Bact_Escherichia_coli_O157:H7_str._Sakai_gene912519 2.0642 1.9153 17.5624 7.7839 6.7139 11.1678 1.7289 5.9046 4.7977 1.4004 1.9868 2.1939 5.9046 7.7839 1.9503 11.1678 6.7139 1.6481 6.7139 11.1678 17.5624 1.7575 1.4004 2.0642 1.4830 1.5049 0.0000 1.7870 2.5933 2.1054 1.8174 11.1678 11.1678 22.7660 5.2829 6.7139 5.2829 4.1012 1.7575 1.4617 5.2829 5.2829 4.1012 5.2829 2.1054 2.2415 1.6743
ArgRS_AF_Arch_Methanothermococcus_okinawensis_IH1_gene10773248 1.8174 1.9153 11.1678 9.2188 5.9046 7.7839 1.4617 4.4124 9.2188 1.9868 2.3447 2.4009 5.2829 4.4124 2.5247 5.9046 17.5624 1.7870 5.2829 7.7839 7.7839 2.0642 1.9868 1.7012 2.1939 2.2917 1.7870 0.0000 2.5933 1.6481 1.8489 13.8457 7.7839 4.1012 7.7839 7.7839 6.7139 4.7977 2.2415 2.1054 5.9046 4.4124 5.2829 5.9046 1.9868 2.1486 2.5247
ArgRS_AF_Arch_Desulfurococcus_mucosus_DSM_2162_gene10153309 2.3447 2.4608 11.1678 5.9046 9.2188 7.7839 2.1486 3.8455 4.1012 2.3447 2.4009 3.2951 4.7977 7.7839 2.9319 7.7839 30.1064 2.1486 17.5624 7.7839 9.2188 2.3447 2.4009 2.5933 2.5933 2.5247 2.5933 2.5933 0.0000 2.2917 2.0642 22.7660 17.5624 6.7139 3.2951 9.2188 5.2829 3.6320 2.5247 2.1054 9.2188 5.2829 6.7139 9.2188 2.4009 2.2917 2.5247
ArgRS_AF_Arch_Candidatus_Nitrosopumilus_sediminis_gene13697696 1.8815 2.1054 7.7839 9.2188 6.7139 9.2188 1.6226 5.9046 7.7839 2.0642 2.1939 2.4009 5.2829 4.1012 2.3447 5.2829 17.5624 1.5737 17.5624 5.9046 11.1678 1.8174 1.9503 1.8815 2.4009 2.3447 2.1054 1.6481 2.2917 0.0000 1.7012 30.1064 13.8457 6.7139 4.4124 6.7139 6.7139 3.8455 2.0642 2.1939 9.2188 4.4124 3.8455 9.2188 1.9868 2.2415 2.5933
ArgRS_AF_Arch_Candidatus_Korarchaeum_cryptofilum_OPF8_gene6093502 2.1486 2.2917 13.8457 11.1678 11.1678 7.7839 1.2376 7.7839 9.2188 2.0642 2.2415 2.2415 5.9046 5.9046 2.5933 11.1678 11.1678 1.7870 11.1678 5.9046 9.2188 1.8489 1.9868 2.4009 2.5933 2.4608 1.8174 1.8489 2.0642 1.7012 0.0000 13.8457 13.8457 9.2188 5.2829 5.9046 9.2188 4.7977 2.4009 1.9503 7.7839 3.8455 5.2829 9.2188 2.4009 2.1054 2.1939
CysRS_PDB_Bact_M_smegmatis_3C8Z 22.7660 6.7139 4.1012 3.8455 151.7419 4.1012 9.2188 13.8457 3.1591 9.2188 13.8457 5.9046 6.7139 4.7977 17.5624 3.1591 3.1591 13.8457 4.7977 4.7977 4.1012 30.1064 13.8457 13.8457 9.2188 7.7839 11.1678 13.8457 22.7660 30.1064 13.8457 0.0000 3.0390 30.1064 6.7139 3.8455 3.1591 22.7660 13.8457 13.8457 30.1064 4.1012 4.4124 3.8455 22.7660 9.2188 11.1678
CysRS_PDB_Bact_E_coli_1LI5 9.2188 5.2829 2.7476 2.5933 22.7660 2.9319 6.7139 9.2188 2.5933 6.7139 9.2188 6.7139 7.7839 2.6673 17.5624 2.4608 2.9319 11.1678 2.4009 2.8354 3.1591 17.5624 7.7839 7.7839 6.7139 9.2188 11.1678 7.7839 17.5624 13.8457 13.8457 3.0390 0.0000 17.5624 4.4124 3.4509 2.9319 4.4124 5.9046 5.9046 17.5624 2.8354 2.4009 3.6320 11.1678 5.9046 11.1678
CysRS_AF_Vir_Megavirus_chiliensis_gene11257271 22.7660 13.8457 13.8457 9.2188 4.4124 5.9046 5.2829 3.4509 11.1678 9.2188 7.7839 17.5624 3.4509 3.6320 13.8457 6.7139 7.7839 7.7839 6.7139 7.7839 7.7839 22.7660 9.2188 7.7839 7.7839 9.2188 22.7660 4.1012 6.7139 6.7139 9.2188 30.1064 17.5624 0.0000 3.4509 5.2829 11.1678 17.5624 17.5624 5.9046 17.5624 5.2829 7.7839 5.9046 6.7139 6.7139 9.2188
CysRS_AF_Mito_Saccharomyces_cerevisiae_S288C_gene855474 4.7977 3.6320 5.9046 3.6320 3.6320 3.0390 4.7977 2.1486 3.4509 3.6320 4.4124 4.7977 1.9503 3.0390 7.7839 4.7977 4.7977 4.1012 7.7839 4.4124 4.7977 5.9046 5.2829 4.4124 3.8455 4.1012 5.2829 7.7839 3.2951 4.4124 5.2829 6.7139 4.4124 3.4509 0.0000 3.8455 3.4509 4.7977 4.7977 4.4124 4.1012 3.8455 2.8354 3.8455 3.8455 6.7139 5.9046
CysRS_AF_Mito_Morone_saxatilis_gene118339815 4.4124 4.4124 3.0390 3.0390 7.7839 2.5247 4.1012 3.2951 2.4009 4.4124 9.2188 6.7139 2.6673 2.4009 40.5273 3.6320 3.4509 4.7977 4.1012 2.4608 3.0390 4.4124 6.7139 7.7839 6.7139 4.4124 6.7139 7.7839 9.2188 6.7139 5.9046 3.8455 3.4509 5.2829 3.8455 0.0000 2.9319 5.2829 4.7977 5.9046 13.8457 3.1591 2.8354 1.3064 5.9046 9.2188 13.8457
CysRS_AF_Euk_Micromonas_commoda_gene8246535 4.7977 3.8455 3.2951 2.5247 5.2829 2.6673 4.7977 3.6320 3.0390 4.1012 6.7139 5.9046 3.2951 2.1939 11.1678 2.8354 3.2951 5.9046 2.5933 3.0390 2.8354 4.4124 4.7977 4.7977 5.2829 5.9046 5.2829 6.7139 5.2829 6.7139 9.2188 3.1591 2.9319 11.1678 3.4509 2.9319 0.0000 3.4509 3.8455 5.2829 4.7977 2.8354 2.5933 2.9319 6.7139 5.2829 5.9046
CysRS_AF_Euk_Arabidopsis_thaliana_gene833874 4.1012 3.8455 7.7839 5.2829 17.5624 13.8457 3.8455 11.1678 5.9046 5.2829 4.7977 3.8455 6.7139 4.7977 9.2188 5.9046 11.1678 3.6320 5.2829 4.7977 17.5624 3.1591 4.7977 3.2951 5.2829 4.4124 4.1012 4.7977 3.6320 3.8455 4.7977 22.7660 4.4124 17.5624 4.7977 5.2829 3.4509 0.0000 3.6320 3.8455 9.2188 3.2951 4.4124 5.2829 3.2951 3.4509 4.4124
ArgRS_AF_Euk_Micromonas_commoda_gene8250062 2.4608 1.9503 7.7839 4.4124 5.2829 5.2829 2.0247 4.7977 3.8455 1.5049 2.1054 2.1486 3.8455 4.7977 1.9153 4.4124 6.7139 2.4009 6.7139 5.9046 13.8457 1.8174 1.4408 2.3447 1.4830 1.5737 1.7575 2.2415 2.5247 2.0642 2.4009 13.8457 5.9046 17.5624 4.7977 4.7977 3.8455 3.6320 0.0000 1.5273 7.7839 4.4124 4.1012 4.7977 2.2917 2.4608 1.6226
ArgRS_AF_Euk_Thalassiosira_pseudonana_CCMP1335_gene7449555 2.3447 2.1486 9.2188 13.8457 13.8457 7.7839 2.1054 5.9046 4.1012 1.2714 1.9503 2.6673 4.1012 4.7977 1.9868 6.7139 13.8457 2.1054 13.8457 5.9046 7.7839 1.7012 1.2211 2.3447 1.6743 1.6226 1.4617 2.1054 2.1054 2.1939 1.9503 13.8457 5.9046 5.9046 4.4124 5.9046 5.2829 3.8455 1.5273 0.0000 4.4124 9.2188 7.7839 5.9046 2.5247 2.5933 1.7012
CysRS_AF_Bact_Mycoplasma_hyopneumoniae_168-L_gene57101512 13.8457 11.1678 13.8457 5.9046 40.5273 7.7839 5.2829 7.7839 30.1064 4.1012 22.7660 40.5273 5.9046 5.2829 7.7839 13.8457 17.5624 5.9046 17.5624 55.4016 22.7660 3.6320 4.4124 11.1678 5.9046 5.2829 5.2829 5.9046 9.2188 9.2188 7.7839 30.1064 17.5624 17.5624 4.1012 13.8457 4.7977 9.2188 7.7839 4.4124 0.0000 11.1678 6.7139 30.1064 11.1678 9.2188 6.7139
CysRS_AF_Bact_Prochlorococcus_marinus_subsp_marinus_str_CCMP1375_gene54200571 4.4124 4.7977 2.4608 2.4009 4.1012 3.4509 4.1012 3.4509 2.6673 4.4124 5.9046 6.7139 3.0390 2.5247 7.7839 1.9868 2.5247 4.1012 2.4608 4.4124 2.9319 7.7839 4.7977 3.2951 5.9046 6.7139 5.2829 4.4124 5.2829 4.4124 3.8455 4.1012 2.8354 5.2829 3.8455 3.1591 2.8354 3.2951 4.4124 9.2188 11.1678 0.0000 2.3447 3.6320 4.4124 3.4509 5.2829
CysRS_AF_Bact_Lactobacillus_amylovorus_GRL1118_gene66523130 5.9046 4.1012 3.0390 2.2415 5.9046 2.9319 4.1012 3.6320 2.7476 5.2829 5.9046 4.7977 2.8354 2.0642 17.5624 2.3447 3.8455 3.6320 2.0247 3.4509 3.1591 5.2829 6.7139 4.4124 5.2829 4.1012 4.1012 5.2829 6.7139 3.8455 5.2829 4.4124 2.4009 7.7839 2.8354 2.8354 2.5933 4.4124 4.1012 7.7839 6.7139 2.3447 0.0000 2.8354 4.4124 3.8455 4.7977
CysRS_AF_Mito_Homo_sapiens_gene79587 3.4509 4.7977 2.8354 3.0390 6.7139 3.0390 5.2829 2.8354 2.5247 4.4124 9.2188 4.4124 2.8354 2.8354 13.8457 2.9319 2.9319 4.4124 2.9319 2.5933 2.9319 7.7839 6.7139 5.2829 5.2829 3.8455 5.2829 5.9046 9.2188 9.2188 9.2188 3.8455 3.6320 5.9046 3.8455 1.3064 2.9319 5.2829 4.7977 5.9046 30.1064 3.6320 2.8354 0.0000 5.2829 7.7839 9.2188
ArgRS_AF_Bact_Anoxybacillus_flavithermus_WK1_gene7039015 1.4004 1.3808 7.7839 11.1678 6.7139 7.7839 1.7289 4.1012 4.1012 2.2415 2.3447 2.7476 3.8455 7.7839 2.9319 5.9046 6.7139 1.8489 9.2188 9.2188 17.5624 2.0247 2.2917 1.7289 2.6673 2.5247 2.1054 1.9868 2.4009 1.9868 2.4009 22.7660 11.1678 6.7139 3.8455 5.9046 6.7139 3.2951 2.2917 2.5247 11.1678 4.4124 4.4124 5.2829 0.0000 1.5502 2.7476
ArgRS_AF_Bact_Brachyspira_pilosicoli_95_1000_gene56439668 1.9153 1.7870 4.7977 5.2829 11.1678 7.7839 2.1054 4.4124 5.2829 2.8354 3.1591 3.4509 4.7977 4.7977 2.1486 4.7977 7.7839 2.4608 13.8457 4.1012 4.7977 2.8354 2.5933 2.1054 2.2917 2.1939 2.2415 2.1486 2.2917 2.2415 2.1054 9.2188 5.9046 6.7139 6.7139 9.2188 5.2829 3.4509 2.4608 2.5933 9.2188 3.4509 3.8455 7.7839 1.5502 0.0000 2.4608
ArgRS_AF_Bact_Chlamydia_psittaci_6BC_gene12242456 2.4608 2.1939 5.2829 5.2829 5.2829 7.7839 2.1486 13.8457 7.7839 1.6226 2.0642 2.1054 5.2829 5.2829 2.0247 5.2829 9.2188 2.1054 17.5624 9.2188 4.4124 1.9153 1.6226 2.2917 1.6481 1.5737 1.6743 2.5247 2.5247 2.5933 2.1939 11.1678 11.1678 9.2188 5.9046 13.8457 5.9046 4.4124 1.6226 1.7012 6.7139 5.2829 4.7977 9.2188 2.7476 2.4608 0.0000
