47
ArgRS_AF_Arch_Candidatus_Nitrosopumilus_sediminis_gene13697696 0.0000 0.4633 0.0740 0.0430 0.6943 0.1224 0.4660 0.1138 0.1275 0.0652 0.4216 0.6265 0.7285 0.0829 0.5308 0.5154 0.5014 0.5160 0.1476 0.4540 0.0597 0.0866 0.1222 0.0918 0.4970 0.7304 0.0796 0.1185 0.3485 0.1446 0.4128 0.0675 0.1673 0.3776 0.0759 0.5437 0.4923 0.3885 0.4879 0.4252 0.0845 0.1362 0.1096 0.1626 0.1163 0.6481 0.5421
CysRS_AF_Euk_Drosophila_melanogaster_gene36784 0.4633 0.0000 0.5185 0.4182 0.3057 0.4263 0.2016 0.3748 0.4304 0.4597 0.1616 0.3139 0.3770 0.3731 0.0649 0.0542 0.1069 0.2484 0.5205 0.2506 0.4244 0.4868 0.4109 0.3964 0.2649 0.3005 0.4800 0.3697 0.2300 0.3567 0.2131 0.3955 0.3625 0.3927 0.3699 0.5904 0.4171 0.2106 0.4415 0.1098 0.5184 0.3000 0.3503 0.4076 0.4813 0.3190 0.3502
ArgRS_AF_Bact_Prochlorococcus_marinus_subsp_marinus_str_CCMP1375_gene54199571 0.0740 0.5185 0.0000 0.1023 0.4890 0.0815 0.4798 0.0693 0.0917 0.0716 0.4033 0.5547 0.7833 0.0680 0.3430 0.4099 0.5200 0.5320 0.2049 0.4796 0.0788 0.0625 0.0713 0.1648 0.3295 0.6933 0.0277 0.1008 0.3142 0.0936 0.3217 0.1976 0.1770 0.3998 0.0422 0.4690 0.5155 0.2874 0.5301 0.3061 0.0703 0.1552 0.0736 0.0844 0.0689 0.5764 0.5110
ArgRS_AF_Arch_Candidatus_Korarchaeum_cryptofilum_OPF8_gene6093502 0.0430 0.4182 0.1023 0.0000 0.4670 0.1474 0.5815 0.1170 0.0958 0.1127 0.4334 0.4428 0.6827 0.1405 0.3861 0.4244 0.4850 0.5839 0.1382 0.5030 0.0589 0.1056 0.1261 0.1063 0.4031 0.5568 0.0931 0.1649 0.3554 0.1614 0.3860 0.0828 0.1269 0.4474 0.1298 0.4180 0.5234 0.3956 0.5040 0.4727 0.0687 0.1376 0.1319 0.1665 0.1508 0.6805 0.6282
CysRS_PDB_Bact_E_coli_1LI5 0.6943 0.3057 0.4890 0.4670 0.0000 0.3283 0.2181 0.3521 0.4719 0.7482 0.3622 0.1773 0.1403 0.2800 0.3579 0.3380 0.2602 0.2311 0.5228 0.2635 0.4439 0.4413 0.6031 0.4569 0.2847 0.2850 0.5778 0.6437 0.2607 0.6526 0.3057 0.5526 0.4149 0.4896 0.5371 0.2112 0.2387 0.2143 0.2700 0.3015 0.1936 0.5046 0.6740 0.7403 0.4347 0.1609 0.4094
ArgRS_AF_Euk_Polyodon_spathula_gene121324634 0.1224 0.4263 0.0815 0.1474 0.3283 0.0000 0.4679 0.1614 0.2313 0.0760 0.4404 0.3787 0.5609 0.1878 0.4180 0.5188 0.5603 0.3901 0.2086 0.4792 0.1444 0.1185 0.0844 0.1958 0.3953 0.6692 0.0959 0.1421 0.3575 0.1476 0.4380 0.1927 0.2966 0.4142 0.0781 0.5100 0.5602 0.4178 0.4789 0.4782 0.2075 0.2104 0.1697 0.0594 0.0028 0.5062 0.5656
CysRS_AF_Arch_Aciduliprofundum_boonei_T469_gene8827372 0.4660 0.2016 0.4798 0.5815 0.2181 0.4679 0.0000 0.6075 0.5623 0.4205 0.2233 0.2931 0.2465 0.4860 0.2473 0.2193 0.2210 0.1370 0.4282 0.1534 0.4316 0.4466 0.4106 0.4734 0.2064 0.2948 0.4925 0.5403 0.1820 0.3509 0.2236 0.4444 0.4342 0.2433 0.5851 0.4555 0.3569 0.1875 0.2682 0.2249 0.5714 0.5014 0.5243 0.4526 0.4585 0.2776 0.3157
ArgRS_AF_Bact_Streptobacillus_moniliformis_DSM_12112_gene29674021 0.1138 0.3748 0.0693 0.1170 0.3521 0.1614 0.6075 0.0000 0.1289 0.1047 0.5490 0.4717 0.7225 0.0865 0.4599 0.5059 0.5475 0.5118 0.2636 0.5332 0.0703 0.1705 0.0903 0.0888 0.4205 0.6841 0.0848 0.1999 0.3257 0.1292 0.4215 0.1492 0.0757 0.3288 0.0757 0.4931 0.6049 0.3865 0.5846 0.4321 0.0885 0.1171 0.1111 0.1013 0.1670 0.6375 0.3282
ArgRS_PDB_Bact_1IQ0 0.1275 0.4304 0.0917 0.0958 0.4719 0.2313 0.5623 0.1289 0.0000 0.1421 0.3990 0.5828 0.5622 0.1404 0.3680 0.4204 0.4121 0.5910 0.2214 0.4400 0.1199 0.1483 0.1652 0.2148 0.4366 0.6797 0.1025 0.2793 0.3554 0.1880 0.3421 0.2395 0.2628 0.4894 0.1173 0.6039 0.4131 0.3985 0.5232 0.3520 0.1678 0.2971 0.1839 0.2306 0.2238 0.3647 0.6020
ArgRS_AF_Bact_Chlamydia_psittaci_6BC_gene12242456 0.0652 0.4597 0.0716 0.1127 0.7482 0.0760 0.4205 0.1047 0.1421 0.0000 0.4421 0.6414 0.6554 0.1416 0.4454 0.5356 0.4993 0.4122 0.2165 0.5161 0.1035 0.1179 0.0759 0.1728 0.4910 0.6948 0.0689 0.1760 0.2952 0.1633 0.3994 0.0974 0.1688 0.3689 0.0752 0.6052 0.5607 0.4431 0.5426 0.4222 0.1003 0.1353 0.0574 0.0793 0.0877 0.6216 0.6272
CysRS_AF_Vir_Megavirus_chiliensis_gene11257271 0.4216 0.1616 0.4033 0.4334 0.3622 0.4404 0.2233 0.5490 0.3990 0.4421 0.0000 0.2881 0.3961 0.4752 0.1308 0.1261 0.1719 0.2164 0.4885 0.2058 0.4696 0.4987 0.4241 0.3904 0.2524 0.6159 0.5110 0.4617 0.2566 0.4368 0.2238 0.4871 0.4472 0.4343 0.3895 0.5902 0.3810 0.1908 0.3390 0.1317 0.5574 0.4208 0.3939 0.4093 0.4121 0.3849 0.4953
CysRS_PDB_Bact_M_smegmatis_3C8Z 0.6265 0.3139 0.5547 0.4428 0.1773 0.3787 0.2931 0.4717 0.5828 0.6414 0.2881 0.0000 0.2676 0.6090 0.3455 0.3061 0.2997 0.2766 0.3925 0.2702 0.3158 0.4276 0.4058 0.4544 0.1854 0.3476 0.4176 0.5546 0.3098 0.4470 0.2111 0.5181 0.4295 0.3389 0.4336 0.2777 0.3053 0.2264 0.2411 0.3083 0.3216 0.5020 0.5703 0.6637 0.4437 0.1558 0.3453
CysRS_AF_Bact_Bordetella_avium_197N_gene41394405 0.7285 0.3770 0.7833 0.6827 0.1403 0.5609 0.2465 0.7225 0.5622 0.6554 0.3961 0.2676 0.0000 0.6140 0.3478 0.3717 0.3545 0.3232 0.6154 0.2465 0.5953 0.5353 0.6457 0.5467 0.3265 0.1860 0.7399 0.6485 0.3392 0.6976 0.2788 0.5518 0.7550 0.4322 0.7046 0.2443 0.3629 0.2800 0.2186 0.2978 0.7062 0.7432 0.6084 0.7231 0.5622 0.2096 0.4200
ArgRS_PDB_Arch_2ZUF 0.0829 0.3731 0.0680 0.1405 0.2800 0.1878 0.4860 0.0865 0.1404 0.1416 0.4752 0.6090 0.6140 0.0000 0.4219 0.4224 0.4973 0.4953 0.2181 0.4944 0.1125 0.1073 0.0830 0.1466 0.4293 0.7500 0.0830 0.1298 0.2817 0.1528 0.3306 0.1640 0.1172 0.4139 0.1133 0.6703 0.6131 0.3527 0.4626 0.4591 0.1008 0.1251 0.1916 0.1638 0.1802 0.2888 0.6419
CysRS_AF_Mito_Saccharomyces_cerevisiae_S288C_gene855474 0.5308 0.0649 0.3430 0.3861 0.3579 0.4180 0.2473 0.4599 0.3680 0.4454 0.1308 0.3455 0.3478 0.4219 0.0000 0.0924 0.1604 0.2550 0.5404 0.2258 0.3735 0.3948 0.3043 0.3720 0.2491 0.4006 0.3599 0.3890 0.1485 0.4677 0.1849 0.5249 0.4654 0.3936 0.3428 0.5870 0.3857 0.1939 0.3428 0.1530 0.4070 0.4589 0.2988 0.3696 0.4535 0.3381 0.3733
CysRS_AF_Euk_Homo_sapiens_gene833 0.5154 0.0542 0.4099 0.4244 0.3380 0.5188 0.2193 0.5059 0.4204 0.5356 0.1261 0.3061 0.3717 0.4224 0.0924 0.0000 0.1119 0.2933 0.5958 0.2548 0.4714 0.4392 0.4724 0.4826 0.2222 0.4044 0.4726 0.3615 0.2550 0.4861 0.1800 0.5270 0.5056 0.3227 0.3513 0.4631 0.3857 0.2197 0.3975 0.0992 0.5096 0.4613 0.3636 0.3622 0.4057 0.3148 0.3851
CysRS_AF_Bact_Lactobacillus_amylovorus_GRL1118_gene66523130 0.5014 0.1069 0.5200 0.4850 0.2602 0.5603 0.2210 0.5475 0.4121 0.4993 0.1719 0.2997 0.3545 0.4973 0.1604 0.1119 0.0000 0.1572 0.5005 0.2115 0.4776 0.5151 0.5195 0.4579 0.2594 0.2465 0.5075 0.3056 0.1602 0.4556 0.1265 0.4510 0.5404 0.1781 0.3929 0.5931 0.3337 0.1369 0.3927 0.1271 0.6815 0.3369 0.4733 0.4412 0.4508 0.3380 0.3661
CysRS_AF_Arch_Candidatus_Nitrosopumilus_sediminis_gene13696907 0.5160 0.2484 0.5320 0.5839 0.2311 0.3901 0.1370 0.5118 0.5910 0.4122 0.2164 0.2766 0.3232 0.4953 0.2550 0.2933 0.1572 0.0000 0.4051 0.2372 0.3681 0.2960 0.3204 0.6473 0.2552 0.3119 0.5365 0.5615 0.1578 0.3918 0.1695 0.4596 0.4405 0.1896 0.4363 0.3752 0.3639 0.2262 0.3138 0.1907 0.4140 0.3760 0.6245 0.7017 0.5105 0.2650 0.4015
ArgRS_AF_Arch_Desulfurococcus_mucosus_DSM_2162_gene10153309 0.1476 0.5205 0.2049 0.1382 0.5228 0.2086 0.4282 0.2636 0.2214 0.2165 0.4885 0.3925 0.6154 0.2181 0.5404 0.5958 0.5005 0.4051 0.0000 0.4843 0.1671 0.1614 0.1800 0.2615 0.4925 0.2262 0.2141 0.2329 0.4533 0.2251 0.4874 0.1657 0.2903 0.4509 0.1755 0.6098 0.5909 0.4535 0.2447 0.5780 0.1881 0.3608 0.2038 0.3173 0.2079 0.3227 0.3873
CysRS_AF_Bact_Streptobacillus_moniliformis_DSM_12112_gene29673427 0.4540 0.2506 0.4796 0.5030 0.2635 0.4792 0.1534 0.5332 0.4400 0.5161 0.2058 0.2702 0.2465 0.4944 0.2258 0.2548 0.2115 0.2372 0.4843 0.0000 0.5463 0.4715 0.4474 0.4084 0.3118 0.2981 0.4661 0.4786 0.3231 0.5553 0.1708 0.4307 0.5397 0.3639 0.4254 0.4667 0.3853 0.2487 0.2234 0.1865 0.6377 0.4446 0.4421 0.4410 0.4691 0.2673 0.3576
ArgRS_AF_Mito_Homo_sapiens_gene57038 0.0597 0.4244 0.0788 0.0589 0.4439 0.1444 0.4316 0.0703 0.1199 0.1035 0.4696 0.3158 0.5953 0.1125 0.3735 0.4714 0.4776 0.3681 0.1671 0.5463 0.0000 0.0931 0.1006 0.0869 0.4625 0.5007 0.0829 0.1619 0.2703 0.1077 0.3558 0.0961 0.1210 0.4588 0.0962 0.5135 0.4618 0.3386 0.5423 0.3424 0.0983 0.1147 0.1206 0.1255 0.1403 0.4708 0.6242
ArgRS_PDB_Euk_S_cerevisiae_1BS2 0.0866 0.4868 0.0625 0.1056 0.4413 0.1185 0.4466 0.1705 0.1483 0.1179 0.4987 0.4276 0.5353 0.1073 0.3948 0.4392 0.5151 0.2960 0.1614 0.4715 0.0931 0.0000 0.1869 0.2121 0.3903 0.5305 0.1577 0.2172 0.3811 0.1166 0.2884 0.1651 0.2593 0.3322 0.0930 0.4969 0.5485 0.3990 0.5616 0.4679 0.1688 0.2482 0.1361 0.1371 0.1106 0.4930 0.3630
ArgRS_AF_Euk_Micromonas_commoda_gene8250062 0.1222 0.4109 0.0713 0.1261 0.6031 0.0844 0.4106 0.0903 0.1652 0.0759 0.4241 0.4058 0.6457 0.0830 0.3043 0.4724 0.5195 0.3204 0.1800 0.4474 0.1006 0.1869 0.0000 0.1359 0.3581 0.6719 0.0491 0.1681 0.2751 0.0796 0.3635 0.1212 0.1500 0.3839 0.0839 0.4752 0.5135 0.4167 0.5410 0.4487 0.0844 0.1330 0.0955 0.1258 0.0827 0.4688 0.5852
ArgRS_AF_Bact_Corynebacterium_ulcerans_809_gene75260071 0.0918 0.3964 0.1648 0.1063 0.4569 0.1958 0.4734 0.0888 0.2148 0.1728 0.3904 0.4544 0.5467 0.1466 0.3720 0.4826 0.4579 0.6473 0.2615 0.4084 0.0869 0.2121 0.1359 0.0000 0.4124 0.5052 0.1309 0.1019 0.3316 0.2030 0.4025 0.1285 0.0827 0.4616 0.1630 0.5067 0.5092 0.3997 0.4790 0.3402 0.1405 0.1036 0.2434 0.2405 0.1931 0.3925 0.5112
CysRS_AF_Arch_Pyrobaculum_ferrireducens_gene11593896 0.4970 0.2649 0.3295 0.4031 0.2847 0.3953 0.2064 0.4205 0.4366 0.4910 0.2524 0.1854 0.3265 0.4293 0.2491 0.2222 0.2594 0.2552 0.4925 0.3118 0.4625 0.3903 0.3581 0.4124 0.0000 0.3577 0.3841 0.3548 0.3785 0.4012 0.2058 0.4103 0.3903 0.4983 0.3867 0.3369 0.3302 0.1768 0.2262 0.2300 0.4987 0.4842 0.3889 0.3873 0.3628 0.2926 0.3180
CysRS_AF_Bact_Mycobacterium_canettii_CIPT_140010059_gene45427568 0.7304 0.3005 0.6933 0.5568 0.2850 0.6692 0.2948 0.6841 0.6797 0.6948 0.6159 0.3476 0.1860 0.7500 0.4006 0.4044 0.2465 0.3119 0.2262 0.2981 0.5007 0.5305 0.6719 0.5052 0.3577 0.0000 0.6925 0.7133 0.4109 0.4762 0.3044 0.7135 0.6903 0.4431 0.6778 0.3333 0.3842 0.2977 0.2503 0.3174 0.7025 0.6905 0.6741 0.5632 0.6709 0.3123 0.3486
ArgRS_AF_Euk_Paulinella_chromatophora_gene6481434 0.0796 0.4800 0.0277 0.0931 0.5778 0.0959 0.4925 0.0848 0.1025 0.0689 0.5110 0.4176 0.7399 0.0830 0.3599 0.4726 0.5075 0.5365 0.2141 0.4661 0.0829 0.1577 0.0491 0.1309 0.3841 0.6925 0.0000 0.1613 0.2403 0.0830 0.2676 0.1365 0.1720 0.3889 0.0337 0.6705 0.5190 0.3138 0.5730 0.3426 0.0697 0.1668 0.0749 0.0690 0.0794 0.5456 0.4434
ArgRS_AF_Bact_Mycoplasma_hyopneumoniae_168-L_gene57100855 0.1185 0.3697 0.1008 0.1649 0.6437 0.1421 0.5403 0.1999 0.2793 0.1760 0.4617 0.5546 0.6485 0.1298 0.3890 0.3615 0.3056 0.5615 0.2329 0.4786 0.1619 0.2172 0.1681 0.1019 0.3548 0.7133 0.1613 0.0000 0.3324 0.2967 0.3131 0.1242 0.0952 0.5737 0.1203 0.6020 0.5739 0.3439 0.5087 0.3801 0.1372 0.0884 0.2154 0.2417 0.1424 0.6351 0.5948
CysRS_AF_Euk_Micromonas_commoda_gene8246535 0.3485 0.2300 0.3142 0.3554 0.2607 0.3575 0.1820 0.3257 0.3554 0.2952 0.2566 0.3098 0.3392 0.2817 0.1485 0.2550 0.1602 0.1578 0.4533 0.3231 0.2703 0.3811 0.2751 0.3316 0.3785 0.4109 0.2403 0.3324 0.0000 0.3351 0.1734 0.3415 0.3742 0.1998 0.3819 0.3760 0.2820 0.1868 0.2322 0.1952 0.3100 0.3720 0.3772 0.3185 0.3622 0.3330 0.3453
ArgRS_AF_Mito_Caenorhabditis_elegans_gene174023 0.1446 0.3567 0.0936 0.1614 0.6526 0.1476 0.3509 0.1292 0.1880 0.1633 0.4368 0.4470 0.6976 0.1528 0.4677 0.4861 0.4556 0.3918 0.2251 0.5553 0.1077 0.1166 0.0796 0.2030 0.4012 0.4762 0.0830 0.2967 0.3351 0.0000 0.4143 0.1705 0.2144 0.3159 0.1214 0.6230 0.4787 0.3600 0.5651 0.3064 0.1725 0.2590 0.2234 0.1333 0.1412 0.3675 0.6144
CysRS_AF_Mito_Morone_saxatilis_gene118339815 0.4128 0.2131 0.3217 0.3860 0.3057 0.4380 0.2236 0.4215 0.3421 0.3994 0.2238 0.2111 0.2788 0.3306 0.1849 0.1800 0.1265 0.1695 0.4874 0.1708 0.3558 0.2884 0.3635 0.4025 0.2058 0.3044 0.2676 0.3131 0.1734 0.4143 0.0000 0.3872 0.4320 0.2626 0.2955 0.4183 0.3426 0.0211 0.2688 0.1788 0.3950 0.3937 0.4183 0.3269 0.3211 0.3154 0.3383
ArgRS_AF_Bact_Cupriavidus_taiwanensis_LMG_19424_gene29762022 0.0675 0.3955 0.1976 0.0828 0.5526 0.1927 0.4444 0.1492 0.2395 0.0974 0.4871 0.5181 0.5518 0.1640 0.5249 0.5270 0.4510 0.4596 0.1657 0.4307 0.0961 0.1651 0.1212 0.1285 0.4103 0.7135 0.1365 0.1242 0.3415 0.1705 0.3872 0.0000 0.1537 0.3848 0.1053 0.4668 0.5427 0.3780 0.4466 0.4938 0.1585 0.1403 0.2609 0.1825 0.1919 0.2953 0.5963
ArgRS_AF_Bact_Anoxybacillus_flavithermus_WK1_gene7039015 0.1673 0.3625 0.1770 0.1269 0.4149 0.2966 0.4342 0.0757 0.2628 0.1688 0.4472 0.4295 0.7550 0.1172 0.4654 0.5056 0.5404 0.4405 0.2903 0.5397 0.1210 0.2593 0.1500 0.0827 0.3903 0.6903 0.1720 0.0952 0.3742 0.2144 0.4320 0.1537 0.0000 0.4992 0.1986 0.6272 0.5233 0.4319 0.5073 0.4332 0.0901 0.0685 0.2117 0.1780 0.3153 0.4433 0.6200
CysRS_AF_Euk_Arabidopsis_thaliana_gene833874 0.3776 0.3927 0.3998 0.4474 0.4896 0.4142 0.2433 0.3288 0.4894 0.3689 0.4343 0.3389 0.4322 0.4139 0.3936 0.3227 0.1781 0.1896 0.4509 0.3639 0.4588 0.3322 0.3839 0.4616 0.4983 0.4431 0.3889 0.5737 0.1998 0.3159 0.2626 0.3848 0.4992 0.0000 0.4030 0.7258 0.3905 0.3085 0.2980 0.2968 0.3557 0.4962 0.4308 0.3115 0.4601 0.4717 0.4541
ArgRS_AF_Bact_Escherichia_coli_O157:H7_str._Sakai_gene912519 0.0759 0.3699 0.0422 0.1298 0.5371 0.0781 0.5851 0.0757 0.1173 0.0752 0.3895 0.4336 0.7046 0.1133 0.3428 0.3513 0.3929 0.4363 0.1755 0.4254 0.0962 0.0930 0.0839 0.1630 0.3867 0.6778 0.0337 0.1203 0.3819 0.1214 0.2955 0.1053 0.1986 0.4030 0.0000 0.5770 0.5256 0.2828 0.4712 0.3353 0.1095 0.1488 0.0962 0.0942 0.0892 0.4632 0.4557
CysRS_AF_Bact_Mycoplasma_hyopneumoniae_168-L_gene57101512 0.5437 0.5904 0.4690 0.4180 0.2112 0.5100 0.4555 0.4931 0.6039 0.6052 0.5902 0.2777 0.2443 0.6703 0.5870 0.4631 0.5931 0.3752 0.6098 0.4667 0.5135 0.4969 0.4752 0.5067 0.3369 0.3333 0.6705 0.6020 0.3760 0.6230 0.4183 0.4668 0.6272 0.7258 0.5770 0.0000 0.2566 0.2860 0.4040 0.3544 0.7077 0.5706 0.5406 0.3591 0.4661 0.4113 0.2489
CysRS_AF_Bact_Prochlorococcus_marinus_subsp_marinus_str_CCMP1375_gene54200571 0.4923 0.4171 0.5155 0.5234 0.2387 0.5602 0.3569 0.6049 0.4131 0.5607 0.3810 0.3053 0.3629 0.6131 0.3857 0.3857 0.3337 0.3639 0.5909 0.3853 0.4618 0.5485 0.5135 0.5092 0.3302 0.3842 0.5190 0.5739 0.2820 0.4787 0.3426 0.5427 0.5233 0.3905 0.5256 0.2566 0.0000 0.3580 0.3660 0.3327 0.5484 0.5470 0.6204 0.6646 0.5641 0.3718 0.3278
CysRS_AF_Mito_Homo_sapiens_gene79587 0.3885 0.2106 0.2874 0.3956 0.2143 0.4178 0.1875 0.3865 0.3985 0.4431 0.1908 0.2264 0.2800 0.3527 0.1939 0.2197 0.1369 0.2262 0.4535 0.2487 0.3386 0.3990 0.4167 0.3997 0.1768 0.2977 0.3138 0.3439 0.1868 0.3600 0.0211 0.3780 0.4319 0.3085 0.2828 0.2860 0.3580 0.0000 0.4060 0.1747 0.3024 0.4057 0.4677 0.3339 0.3819 0.3318 0.3379
CysRS_AF_Bact_Porphyromonas_gingivalis_ATCC_33277_gene29256960 0.4879 0.4415 0.5301 0.5040 0.2700 0.4789 0.2682 0.5846 0.5232 0.5426 0.3390 0.2411 0.2186 0.4626 0.3428 0.3975 0.3927 0.3138 0.2447 0.2234 0.5423 0.5616 0.5410 0.4790 0.2262 0.2503 0.5730 0.5087 0.2322 0.5651 0.2688 0.4466 0.5073 0.2980 0.4712 0.4040 0.3660 0.4060 0.0000 0.3946 0.5977 0.4624 0.4769 0.4521 0.4860 0.2586 0.3489
CysRS_AF_Euk_Cyanidioschyzon_merolae_strain_10D_gene16993418 0.4252 0.1098 0.3061 0.4727 0.3015 0.4782 0.2249 0.4321 0.3520 0.4222 0.1317 0.3083 0.2978 0.4591 0.1530 0.0992 0.1271 0.1907 0.5780 0.1865 0.3424 0.4679 0.4487 0.3402 0.2300 0.3174 0.3426 0.3801 0.1952 0.3064 0.1788 0.4938 0.4332 0.2968 0.3353 0.3544 0.3327 0.1747 0.3946 0.0000 0.4792 0.3806 0.4921 0.3973 0.4091 0.3172 0.3800
ArgRS_AF_Arch_Methanothermococcus_okinawensis_IH1_gene10773248 0.0845 0.5184 0.0703 0.0687 0.1936 0.2075 0.5714 0.0885 0.1678 0.1003 0.5574 0.3216 0.7062 0.1008 0.4070 0.5096 0.6815 0.4140 0.1881 0.6377 0.0983 0.1688 0.0844 0.1405 0.4987 0.7025 0.0697 0.1372 0.3100 0.1725 0.3950 0.1585 0.0901 0.3557 0.1095 0.7077 0.5484 0.3024 0.5977 0.4792 0.0000 0.1222 0.1447 0.1753 0.1800 0.5176 0.6412
ArgRS_AF_Bact_Brachyspira_pilosicoli_95_1000_gene56439668 0.1362 0.3000 0.1552 0.1376 0.5046 0.2104 0.5014 0.1171 0.2971 0.1353 0.4208 0.5020 0.7432 0.1251 0.4589 0.4613 0.3369 0.3760 0.3608 0.4446 0.1147 0.2482 0.1330 0.1036 0.4842 0.6905 0.1668 0.0884 0.3720 0.2590 0.3937 0.1403 0.0685 0.4962 0.1488 0.5706 0.5470 0.4057 0.4624 0.3806 0.1222 0.0000 0.2119 0.2864 0.2087 0.4909 0.5739
ArgRS_AF_Euk_Thalassiosira_pseudonana_CCMP1335_gene7449555 0.1096 0.3503 0.0736 0.1319 0.6740 0.1697 0.5243 0.1111 0.1839 0.0574 0.3939 0.5703 0.6084 0.1916 0.2988 0.3636 0.4733 0.6245 0.2038 0.4421 0.1206 0.1361 0.0955 0.2434 0.3889 0.6741 0.0749 0.2154 0.3772 0.2234 0.4183 0.2609 0.2117 0.4308 0.0962 0.5406 0.6204 0.4677 0.4769 0.4921 0.1447 0.2119 0.0000 0.1504 0.1786 0.6400 0.4819
ArgRS_AF_Vir_Megavirus_chiliensis_gene11257368 0.1626 0.4076 0.0844 0.1665 0.7403 0.0594 0.4526 0.1013 0.2306 0.0793 0.4093 0.6637 0.7231 0.1638 0.3696 0.3622 0.4412 0.7017 0.3173 0.4410 0.1255 0.1371 0.1258 0.2405 0.3873 0.5632 0.0690 0.2417 0.3185 0.1333 0.3269 0.1825 0.1780 0.3115 0.0942 0.3591 0.6646 0.3339 0.4521 0.3973 0.1753 0.2864 0.1504 0.0000 0.0591 0.5372 0.4502
ArgRS_AF_Euk_Homo_sapiens_gene5917 0.1163 0.4813 0.0689 0.1508 0.4347 0.0028 0.4585 0.1670 0.2238 0.0877 0.4121 0.4437 0.5622 0.1802 0.4535 0.4057 0.4508 0.5105 0.2079 0.4691 0.1403 0.1106 0.0827 0.1931 0.3628 0.6709 0.0794 0.1424 0.3622 0.1412 0.3211 0.1919 0.3153 0.4601 0.0892 0.4661 0.5641 0.3819 0.4860 0.4091 0.1800 0.2087 0.1786 0.0591 0.0000 0.6772 0.5415
CysRS_AF_Arch_Methanospirillum_hungatei_JF-1_gene3922979 0.6481 0.3190 0.5764 0.6805 0.1609 0.5062 0.2776 0.6375 0.3647 0.6216 0.3849 0.1558 0.2096 0.2888 0.3381 0.3148 0.3380 0.2650 0.3227 0.2673 0.4708 0.4930 0.4688 0.3925 0.2926 0.3123 0.5456 0.6351 0.3330 0.3675 0.3154 0.2953 0.4433 0.4717 0.4632 0.4113 0.3718 0.3318 0.2586 0.3172 0.5176 0.4909 0.6400 0.5372 0.6772 0.0000 0.4153
CysRS_AF_Bact_Treponema_pallidum_subsp_pertenue_str_SamoaD_gene57878631 0.5421 0.3502 0.5110 0.6282 0.4094 0.5656 0.3157 0.3282 0.6020 0.6272 0.4953 0.3453 0.4200 0.6419 0.3733 0.3851 0.3661 0.4015 0.3873 0.3576 0.6242 0.3630 0.5852 0.5112 0.3180 0.3486 0.4434 0.5948 0.3453 0.6144 0.3383 0.5963 0.6200 0.4541 0.4557 0.2489 0.3278 0.3379 0.3489 0.3800 0.6412 0.5739 0.4819 0.4502 0.5415 0.4153 0.0000
