47
CysRS_AF_Bact_Streptobacillus_moniliformis_DSM_12112_gene29673427 0.0000 0.6788 0.6704 0.7561 0.2462 0.1667 0.2115 0.6306 0.2587 0.2304 0.3109 0.7277 0.2824 0.1619 0.4997 0.1702 0.6240 0.7662 0.3472 0.1773 0.3270 0.3396 0.3034 0.1635 0.4365 0.3891 0.5329 0.7316 0.6996 0.6713 0.7441 0.4093 0.4422 0.3351 0.6268 0.2360 0.3231 0.4441 0.3583 0.4627 0.6440 0.3903 0.2530 0.8320 0.3561 0.2404 0.3907
ArgRS_AF_Euk_Micromonas_commoda_gene8250062 0.6788 0.0000 0.1886 0.1857 0.5679 0.5282 0.3123 0.1094 0.4901 0.5733 0.3659 0.1124 0.7150 0.5398 0.7218 0.4530 0.1709 0.1549 0.1006 0.4291 0.4710 0.6119 0.5091 0.2830 0.0663 0.1161 0.0696 0.1060 0.1189 0.1484 0.1538 0.0642 0.0504 0.3965 0.1144 0.4731 0.9064 0.1045 0.1335 0.1190 0.0888 0.0942 0.3383 0.7885 0.7733 1.0326 0.1345
ArgRS_AF_Bact_Anoxybacillus_flavithermus_WK1_gene7039015 0.6704 0.1886 0.0000 0.1384 0.5037 0.8549 0.3524 0.2177 0.5229 0.7269 0.6325 0.0937 0.8970 0.4693 0.7643 0.4893 0.2580 0.2866 0.2762 0.4640 1.1250 1.0695 0.4460 0.4303 0.2008 0.0988 0.1921 0.1672 0.1420 0.0830 0.2165 0.1655 0.1784 0.4042 0.1198 0.5942 1.0793 0.2185 0.0840 0.1913 0.0941 0.2636 0.4056 0.8911 0.9133 0.6914 0.2041
ArgRS_AF_Bact_Cupriavidus_taiwanensis_LMG_19424_gene29762022 0.7561 0.1857 0.1384 0.0000 0.4579 0.6141 0.2992 0.1649 0.3339 0.5977 0.4653 0.1557 0.9716 0.4173 0.7675 0.7587 0.1141 0.1907 0.2085 0.7245 1.1908 1.1128 0.4713 0.4234 0.1681 0.1264 0.1185 0.0950 0.0892 0.1502 0.1516 0.1038 0.1010 0.5591 0.1722 0.4016 1.0159 0.1324 0.1372 0.0687 0.1237 0.2030 0.4632 1.0186 0.8414 1.2068 0.1537
CysRS_AF_Vir_Megavirus_chiliensis_gene11257271 0.2462 0.5679 0.5037 0.4579 0.0000 0.2691 0.0922 0.3731 0.2065 0.4057 0.4345 0.5474 0.5930 0.1952 0.6488 0.2706 0.8281 0.5919 0.5416 0.1241 0.3294 0.9569 0.2930 0.1285 0.4937 0.4239 0.5525 0.6757 0.6924 0.3706 0.4739 0.5474 0.5910 0.1189 0.4655 0.1904 0.4971 0.4928 0.4390 0.6255 0.7106 0.6443 0.2601 0.3997 0.4167 0.3888 0.5312
CysRS_AF_Arch_Aciduliprofundum_boonei_T469_gene8827372 0.1667 0.5282 0.8549 0.6141 0.2691 0.0000 0.2118 0.5940 0.1972 0.3877 0.2536 0.6510 0.3922 0.2330 0.3276 0.1183 0.5107 0.6379 0.5791 0.1857 0.2689 0.3727 0.2768 0.2220 0.5895 0.5651 0.5254 0.5382 0.5686 0.5486 0.5227 0.6263 0.5382 0.2074 0.6756 0.1908 0.3074 0.5488 0.5644 0.5955 0.8405 0.5798 0.2287 0.5917 0.1936 0.2336 0.5944
CysRS_AF_Euk_Drosophila_melanogaster_gene36784 0.2115 0.3123 0.3524 0.2992 0.0922 0.2118 0.0000 0.3680 0.2352 0.5063 0.3284 0.4573 0.4029 0.1224 0.4186 0.3017 0.5620 0.5933 0.3158 0.0943 0.3072 0.2296 0.3039 0.0671 0.3038 0.3606 0.3986 0.3877 0.6069 0.4218 0.3472 0.3391 0.3166 0.0453 0.3583 0.1948 0.4568 0.3149 0.3454 0.4367 0.3594 0.2996 0.2223 0.7062 0.2621 0.3140 0.4167
ArgRS_PDB_Bact_1IQ0 0.6306 0.1094 0.2177 0.1649 0.3731 0.5940 0.3680 0.0000 0.3769 0.5874 0.6645 0.1329 0.9235 0.4601 0.7297 0.6853 0.1315 0.2778 0.2288 0.3523 0.7649 1.1898 0.5999 0.3338 0.0919 0.1963 0.1325 0.1001 0.0846 0.1791 0.1924 0.1086 0.0982 0.3428 0.1229 0.3792 1.1783 0.1386 0.2038 0.0848 0.1476 0.2229 0.4133 0.8902 0.8540 0.9600 0.2436
CysRS_AF_Mito_Homo_sapiens_gene79587 0.2587 0.4901 0.5229 0.3339 0.2065 0.1972 0.2352 0.3769 0.0000 0.6004 0.2081 0.3858 0.5665 0.1345 0.3956 0.1927 0.4486 0.3757 0.3900 0.1982 0.2691 0.3694 0.2333 0.2302 0.3404 0.3110 0.4159 0.3683 0.4660 0.4442 0.4717 0.3782 0.3530 0.2026 0.4036 0.0213 0.3357 0.4371 0.4310 0.4490 0.4352 0.4041 0.2379 0.4646 0.3089 0.2321 0.3944
CysRS_AF_Bact_Porphyromonas_gingivalis_ATCC_33277_gene29256960 0.2304 0.5733 0.7269 0.5977 0.4057 0.3877 0.5063 0.5874 0.6004 0.0000 0.2992 0.8079 0.5756 0.3235 0.4245 0.2175 0.7055 0.6755 0.5384 0.4254 0.2321 0.4509 0.2394 0.2723 0.5182 0.5229 0.5964 0.5971 0.6364 0.6116 0.8471 0.6536 0.5356 0.4902 0.5254 0.3446 0.3858 0.5827 0.5054 0.6356 0.6446 0.5406 0.2758 0.4322 0.3652 0.3055 0.6426
CysRS_AF_Euk_Arabidopsis_thaliana_gene833874 0.3109 0.3659 0.6325 0.4653 0.4345 0.2536 0.3284 0.6645 0.2081 0.2992 0.0000 0.4666 0.6184 0.1776 0.4440 0.1986 0.3772 0.6469 0.4634 0.3899 0.4145 0.5344 0.2973 0.3795 0.4462 0.8132 0.5005 0.3323 0.5780 0.4551 0.3151 0.6621 0.3675 0.2642 0.4446 0.2695 0.3467 0.5515 0.5979 0.5681 0.3602 0.4687 0.2377 1.0993 0.6548 0.3569 0.5585
ArgRS_AF_Arch_Methanothermococcus_okinawensis_IH1_gene10773248 0.7277 0.1124 0.0937 0.1557 0.5474 0.6510 0.4573 0.1329 0.3858 0.8079 0.4666 0.0000 0.8778 0.5555 0.7984 0.5195 0.1901 0.2460 0.2173 0.4557 0.8609 1.1769 0.5939 0.3052 0.0764 0.1452 0.1707 0.1072 0.0712 0.1514 0.1549 0.1210 0.1018 0.3597 0.1247 0.3527 1.1511 0.1555 0.1423 0.0884 0.1206 0.2182 0.3127 0.9527 0.8457 0.7338 0.2067
CysRS_AF_Bact_Treponema_pallidum_subsp_pertenue_str_SamoaD_gene57878631 0.2824 0.7150 0.8970 0.9716 0.5930 0.3922 0.4029 0.9235 0.5665 0.5756 0.6184 0.8778 0.0000 0.4247 0.5628 0.6478 0.8388 0.6690 0.6834 0.4699 0.3866 0.4415 0.3683 0.5316 0.7201 0.9179 0.6304 0.8037 1.0211 0.9920 1.0867 0.7010 0.5686 0.4278 0.6259 0.4497 0.5449 0.6383 0.6623 0.8964 1.0871 0.6421 0.3523 0.5340 0.3372 0.3951 0.7569
CysRS_AF_Bact_Lactobacillus_amylovorus_GRL1118_gene66523130 0.1619 0.5398 0.4693 0.4173 0.1952 0.2330 0.1224 0.4601 0.1345 0.3235 0.1776 0.5555 0.4247 0.0000 0.2836 0.2257 0.7218 0.8625 0.4484 0.1281 0.3800 0.2307 0.2658 0.1510 0.4187 0.3911 0.3808 0.6693 0.4715 0.3698 0.5599 0.5073 0.4381 0.1070 0.5155 0.1331 0.2356 0.4181 0.4297 0.4586 0.8838 0.4394 0.1771 0.4960 0.3884 0.2376 0.5074
CysRS_AF_Bact_Prochlorococcus_marinus_subsp_marinus_str_CCMP1375_gene54200571 0.4997 0.7218 0.7643 0.7675 0.6488 0.3276 0.4186 0.7297 0.3956 0.4245 0.4440 0.7984 0.5628 0.2836 0.0000 0.3098 0.8117 0.8965 0.7432 0.4128 0.2966 0.5302 0.3149 0.4277 0.6950 0.6076 0.7588 0.5516 0.8407 0.7729 0.7002 0.7554 0.7586 0.4142 0.8790 0.4642 0.3095 0.7346 0.6316 0.5688 0.9795 0.6080 0.3886 0.4909 0.3722 0.2398 0.9684
CysRS_AF_Arch_Candidatus_Nitrosopumilus_sediminis_gene13696907 0.1702 0.4530 0.4893 0.7587 0.2706 0.1183 0.3017 0.6853 0.1927 0.2175 0.1986 0.5195 0.6478 0.2257 0.3098 0.0000 0.4848 0.6615 0.4745 0.1611 0.3474 0.2890 0.1874 0.2080 0.4726 0.4030 0.4502 0.5030 0.6992 0.6347 0.6400 0.4609 0.4012 0.2632 0.5250 0.1532 0.3031 0.5512 0.3869 0.4663 0.5485 0.4813 0.2577 0.4198 0.2629 0.2678 0.4459
ArgRS_PDB_Euk_S_cerevisiae_1BS2 0.6240 0.1709 0.2580 0.1141 0.8281 0.5107 0.5620 0.1315 0.4486 0.7055 0.3772 0.1901 0.8388 0.7218 0.8117 0.4848 0.0000 0.1983 0.1034 0.4728 1.1995 0.6345 0.7105 0.3926 0.0683 0.1823 0.0904 0.0715 0.1264 0.1561 0.1316 0.1045 0.1496 0.4417 0.1128 0.3173 0.8635 0.1411 0.1877 0.0952 0.1348 0.1057 0.5054 1.0965 0.7357 0.8030 0.1396
ArgRS_AF_Arch_Desulfurococcus_mucosus_DSM_2162_gene10153309 0.7662 0.1549 0.2866 0.1907 0.5919 0.6379 0.5933 0.2778 0.3757 0.6755 0.6469 0.2460 0.6690 0.8625 0.8965 0.6615 0.1983 0.0000 0.2770 0.6216 1.2393 1.0514 0.6605 0.4548 0.2190 0.2548 0.1619 0.1981 0.1335 0.2771 0.2172 0.1792 0.1937 0.4833 0.1699 0.3880 1.2362 0.2173 0.2662 0.1794 0.2306 0.2894 0.6652 1.2201 0.9251 0.8640 0.2756
ArgRS_AF_Euk_Homo_sapiens_gene5917 0.3472 0.1006 0.2762 0.2085 0.5416 0.5791 0.3158 0.2288 0.3900 0.5384 0.4634 0.2173 0.6834 0.4484 0.7432 0.4745 0.1034 0.2770 0.0000 0.4697 0.4768 1.1129 0.4586 0.4665 0.0708 0.1647 0.0870 0.1478 0.1548 0.1833 0.1762 0.0962 0.0964 0.3123 0.2342 0.3819 0.7348 0.1574 0.2380 0.1596 0.1784 0.0028 0.4234 1.0110 0.7625 0.7524 0.0550
CysRS_AF_Euk_Cyanidioschyzon_merolae_strain_10D_gene16993418 0.1773 0.4291 0.4640 0.7245 0.1241 0.1857 0.0943 0.3523 0.1982 0.4254 0.3899 0.4557 0.4699 0.1281 0.4128 0.1611 0.4728 0.6216 0.4697 0.0000 0.3221 0.3830 0.2735 0.1388 0.4262 0.4153 0.4160 0.5922 0.5284 0.4014 0.3670 0.4996 0.4408 0.0818 0.4054 0.1995 0.3428 0.7869 0.4732 0.4624 0.5075 0.5339 0.1732 0.8324 0.3845 0.2716 0.3741
CysRS_PDB_Bact_M_smegmatis_3C8Z 0.3270 0.4710 1.1250 1.1908 0.3294 0.2689 0.3072 0.7649 0.2691 0.2321 0.4145 0.8609 0.3866 0.3800 0.2966 0.3474 1.1995 1.2393 0.4768 0.3221 0.0000 0.3840 0.1777 0.2758 0.6289 0.7952 0.7162 0.6445 1.3146 0.8736 1.0892 0.7195 0.6514 0.2714 0.7974 0.2249 0.2763 0.5122 0.7216 0.9716 0.9406 0.6061 0.2386 0.3106 0.1884 0.1740 0.9718
CysRS_AF_Bact_Mycobacterium_canettii_CIPT_140010059_gene45427568 0.3396 0.6119 1.0695 1.1128 0.9569 0.3727 0.2296 1.1898 0.3694 0.4509 0.5344 1.1769 0.4415 0.2307 0.5302 0.2890 0.6345 1.0514 1.1129 0.3830 0.3840 0.0000 0.3676 0.2682 0.7810 1.0631 1.1517 0.5605 1.1215 1.1552 1.3258 1.1792 0.9650 0.4340 1.0457 0.2778 0.2535 0.4020 1.1484 1.1087 1.2812 1.1087 0.3154 0.5002 0.4113 0.3401 1.1514
CysRS_AF_Arch_Pyrobaculum_ferrireducens_gene11593896 0.3034 0.5091 0.4460 0.4713 0.2930 0.2768 0.3039 0.5999 0.2333 0.2394 0.2973 0.5939 0.3683 0.2658 0.3149 0.1874 0.7105 0.6605 0.4586 0.2735 0.1777 0.3676 0.0000 0.3113 0.5057 0.4147 0.5310 0.4707 0.4922 0.4364 0.4538 0.5040 0.5056 0.3004 0.5446 0.2967 0.3780 0.5267 0.4631 0.5722 0.5650 0.4579 0.4117 0.5915 0.3411 0.3069 0.4779
CysRS_AF_Mito_Saccharomyces_cerevisiae_S288C_gene855474 0.1635 0.2830 0.4303 0.4234 0.1285 0.2220 0.0671 0.3338 0.2302 0.2723 0.3795 0.3052 0.5316 0.1510 0.4277 0.2080 0.3926 0.4548 0.4665 0.1388 0.2758 0.2682 0.3113 0.0000 0.3578 0.4202 0.4063 0.3601 0.4293 0.3604 0.4328 0.4978 0.4235 0.0970 0.3338 0.1898 0.4209 0.3360 0.3217 0.4482 0.4766 0.3593 0.1462 0.5536 0.4858 0.2715 0.4234
ArgRS_AF_Bact_Prochlorococcus_marinus_subsp_marinus_str_CCMP1375_gene54199571 0.4365 0.0663 0.2008 0.1681 0.4937 0.5895 0.3038 0.0919 0.3404 0.5182 0.4462 0.0764 0.7201 0.4187 0.6950 0.4726 0.0683 0.2190 0.0708 0.4262 0.6289 0.7810 0.5057 0.3578 0.0000 0.1523 0.0404 0.0791 0.1026 0.1168 0.0983 0.0880 0.0344 0.3205 0.0687 0.3661 0.6413 0.0689 0.1260 0.0783 0.0791 0.0717 0.3317 0.8340 0.7384 0.7846 0.0821
ArgRS_AF_Bact_Mycoplasma_hyopneumoniae_168-L_gene57100855 0.3891 0.1161 0.0988 0.1264 0.4239 0.5651 0.3606 0.1963 0.3110 0.5229 0.8132 0.1452 0.9179 0.3911 0.6076 0.4030 0.1823 0.2548 0.1647 0.4153 0.7952 1.0631 0.4147 0.4202 0.1523 0.0000 0.1309 0.1773 0.1802 0.0864 0.2557 0.1257 0.1017 0.3387 0.1180 0.3216 0.9221 0.1933 0.1311 0.1412 0.1834 0.1790 0.3177 0.8718 0.9790 0.7435 0.2073
ArgRS_AF_Bact_Escherichia_coli_O157:H7_str._Sakai_gene912519 0.5329 0.0696 0.1921 0.1185 0.5525 0.5254 0.3986 0.1325 0.4159 0.5964 0.5005 0.1707 0.6304 0.3808 0.7588 0.4502 0.0904 0.1619 0.0870 0.4160 0.7162 1.1517 0.5310 0.4063 0.0404 0.1309 0.0000 0.1332 0.1301 0.1693 0.1345 0.0869 0.0317 0.3631 0.0971 0.3424 0.8491 0.0937 0.1544 0.0789 0.0787 0.0880 0.4480 0.9679 0.7359 0.9271 0.0845
ArgRS_AF_Mito_Homo_sapiens_gene57038 0.7316 0.1060 0.1672 0.0950 0.6757 0.5382 0.3877 0.1001 0.3683 0.5971 0.3323 0.1072 0.8037 0.6693 0.5516 0.5030 0.0715 0.1981 0.1478 0.5922 0.6445 0.5605 0.4707 0.3601 0.0791 0.1773 0.1332 0.0000 0.0614 0.1062 0.1189 0.0967 0.0865 0.5162 0.1303 0.3445 0.9518 0.1194 0.1132 0.0616 0.0992 0.1469 0.4031 1.1249 0.8806 0.8564 0.1214
ArgRS_AF_Arch_Candidatus_Korarchaeum_cryptofilum_OPF8_gene6093502 0.6996 0.1189 0.1420 0.0892 0.6924 0.5686 0.6069 0.0846 0.4660 0.6364 0.5780 0.0712 1.0211 0.4715 0.8407 0.6992 0.1264 0.1335 0.1548 0.5284 1.3146 1.1215 0.4922 0.4293 0.1026 0.1802 0.1301 0.0614 0.0000 0.1094 0.1770 0.1364 0.1012 0.4624 0.1291 0.4072 1.0225 0.0970 0.1232 0.0425 0.0986 0.1371 0.4861 0.9246 0.8468 0.8466 0.1591
ArgRS_AF_Bact_Corynebacterium_ulcerans_809_gene75260071 0.6713 0.1484 0.0830 0.1502 0.3706 0.5486 0.4218 0.1791 0.4442 0.6116 0.4551 0.1514 0.9920 0.3698 0.7729 0.6347 0.1561 0.2771 0.1833 0.4014 0.8736 1.1552 0.4364 0.3604 0.1168 0.0864 0.1693 0.1062 0.1094 0.0000 0.2111 0.1555 0.1410 0.3795 0.1965 0.4000 0.8944 0.1762 0.0781 0.0904 0.1121 0.1943 0.3883 0.9111 0.7807 0.7206 0.1218
ArgRS_AF_Mito_Caenorhabditis_elegans_gene174023 0.7441 0.1538 0.2165 0.1516 0.4739 0.5227 0.3472 0.1924 0.4717 0.8471 0.3151 0.1549 1.0867 0.5599 0.7002 0.6400 0.1316 0.2172 0.1762 0.3670 1.0892 1.3258 0.4538 0.4328 0.0983 0.2557 0.1345 0.1189 0.1770 0.2111 0.0000 0.1723 0.0867 0.4818 0.1323 0.4146 1.2142 0.1981 0.2172 0.1710 0.1345 0.1568 0.4795 1.1198 0.8512 1.0554 0.1404
ArgRS_AF_Bact_Chlamydia_psittaci_6BC_gene12242456 0.4093 0.0642 0.1655 0.1038 0.5474 0.6263 0.3391 0.1086 0.3782 0.6536 0.6621 0.1210 0.7010 0.5073 0.7554 0.4609 0.1045 0.1792 0.0962 0.4996 0.7195 1.1792 0.5040 0.4978 0.0880 0.1257 0.0869 0.0967 0.1364 0.1555 0.1723 0.0000 0.0714 0.6375 0.1218 0.4883 0.7599 0.0926 0.1324 0.0745 0.1027 0.0804 0.3938 1.0951 1.1264 0.9133 0.1143
ArgRS_AF_Euk_Paulinella_chromatophora_gene6481434 0.4422 0.0504 0.1784 0.1010 0.5910 0.5382 0.3166 0.0982 0.3530 0.5356 0.3675 0.1018 0.5686 0.4381 0.7586 0.4012 0.1496 0.1937 0.0964 0.4408 0.6514 0.9650 0.5056 0.4235 0.0344 0.1017 0.0317 0.0865 0.1012 0.1410 0.0867 0.0714 0.0000 0.3549 0.0751 0.3527 0.7822 0.0785 0.1122 0.0936 0.0975 0.1277 0.3090 0.8588 0.7468 0.9527 0.0715
CysRS_AF_Euk_Homo_sapiens_gene833 0.3351 0.3965 0.4042 0.5591 0.1189 0.2074 0.0453 0.3428 0.2026 0.4902 0.2642 0.3597 0.4278 0.1070 0.4142 0.2632 0.4417 0.4833 0.3123 0.0818 0.2714 0.4340 0.3004 0.0970 0.3205 0.3387 0.3631 0.5162 0.4624 0.3795 0.4818 0.6375 0.3549 0.0000 0.3549 0.2297 0.4212 0.3814 0.3969 0.4932 0.5453 0.2943 0.2610 1.1619 0.3628 0.3339 0.4163
ArgRS_PDB_Arch_2ZUF 0.6268 0.1144 0.1198 0.1722 0.4655 0.6756 0.3583 0.1229 0.4036 0.5254 0.4446 0.1247 0.6259 0.5155 0.8790 0.5250 0.1128 0.1699 0.2342 0.4054 0.7974 1.0457 0.5446 0.3338 0.0687 0.1180 0.0971 0.1303 0.1291 0.1965 0.1323 0.1218 0.0751 0.3549 0.0000 0.4545 1.0115 0.1541 0.1077 0.0883 0.0964 0.2159 0.3450 1.0593 0.8718 0.7831 0.1622
CysRS_AF_Mito_Morone_saxatilis_gene118339815 0.2360 0.4731 0.5942 0.4016 0.1904 0.1908 0.1948 0.3792 0.0213 0.3446 0.2695 0.3527 0.4497 0.1331 0.4642 0.1532 0.3173 0.3880 0.3819 0.1995 0.2249 0.2778 0.2967 0.1898 0.3661 0.3216 0.3424 0.3445 0.4072 0.4000 0.4146 0.4883 0.3527 0.2297 0.4545 0.0000 0.2373 0.3467 0.5202 0.4331 0.4170 0.5725 0.1982 0.4418 0.3426 0.3048 0.5128
CysRS_AF_Bact_Bordetella_avium_197N_gene41394405 0.3231 0.9064 1.0793 1.0159 0.4971 0.3074 0.4568 1.1783 0.3357 0.3858 0.3467 1.1511 0.5449 0.2356 0.3095 0.3031 0.8635 1.2362 0.7348 0.3428 0.2763 0.2535 0.3780 0.4209 0.6413 0.9221 0.8491 0.9518 1.0225 0.8944 1.2142 0.7599 0.7822 0.4212 1.0115 0.2373 0.0000 0.6901 0.9564 0.9975 0.9925 0.9641 0.3805 0.4748 0.2566 0.1241 0.8975
ArgRS_AF_Euk_Thalassiosira_pseudonana_CCMP1335_gene7449555 0.4441 0.1045 0.2185 0.1324 0.4928 0.5488 0.3149 0.1386 0.4371 0.5827 0.5515 0.1555 0.6383 0.4181 0.7346 0.5512 0.1411 0.2173 0.1574 0.7869 0.5122 0.4020 0.5267 0.3360 0.0689 0.1933 0.0937 0.1194 0.0970 0.1762 0.1981 0.0926 0.0785 0.3814 0.1541 0.3467 0.6901 0.0000 0.1655 0.1001 0.1230 0.1443 0.4449 0.8746 0.6654 0.8585 0.1539
ArgRS_AF_Bact_Brachyspira_pilosicoli_95_1000_gene56439668 0.3583 0.1335 0.0840 0.1372 0.4390 0.5644 0.3454 0.2038 0.4310 0.5054 0.5979 0.1423 0.6623 0.4297 0.6316 0.3869 0.1877 0.2662 0.2380 0.4732 0.7216 1.1484 0.4631 0.3217 0.1260 0.1311 0.1544 0.1132 0.1232 0.0781 0.2172 0.1324 0.1122 0.3969 0.1077 0.5202 0.9564 0.1655 0.0000 0.1170 0.1113 0.2399 0.4090 0.9845 0.6926 0.6570 0.2130
ArgRS_AF_Arch_Candidatus_Nitrosopumilus_sediminis_gene13697696 0.4627 0.1190 0.1913 0.0687 0.6255 0.5955 0.4367 0.0848 0.4490 0.6356 0.5681 0.0884 0.8964 0.4586 0.5688 0.4663 0.0952 0.1794 0.1596 0.4624 0.9716 1.1087 0.5722 0.4482 0.0783 0.1412 0.0789 0.0616 0.0425 0.0904 0.1710 0.0745 0.0936 0.4932 0.0883 0.4331 0.9975 0.1001 0.1170 0.0000 0.1169 0.1306 0.5232 1.0695 0.9519 0.9096 0.1732
ArgRS_AF_Bact_Streptobacillus_moniliformis_DSM_12112_gene29674021 0.6440 0.0888 0.0941 0.1237 0.7106 0.8405 0.3594 0.1476 0.4352 0.6446 0.3602 0.1206 1.0871 0.8838 0.9795 0.5485 0.1348 0.2306 0.1784 0.5075 0.9406 1.2812 0.5650 0.4766 0.0791 0.1834 0.0787 0.0992 0.0986 0.1121 0.1345 0.1027 0.0975 0.5453 0.0964 0.4170 0.9925 0.1230 0.1113 0.1169 0.0000 0.1721 0.3752 1.1081 1.0295 0.9673 0.1068
ArgRS_AF_Euk_Polyodon_spathula_gene121324634 0.3903 0.0942 0.2636 0.2030 0.6443 0.5798 0.2996 0.2229 0.4041 0.5406 0.4687 0.2182 0.6421 0.4394 0.6080 0.4813 0.1057 0.2894 0.0028 0.5339 0.6061 1.1087 0.4579 0.3593 0.0717 0.1790 0.0880 0.1469 0.1371 0.1943 0.1568 0.0804 0.1277 0.2943 0.2159 0.5725 0.9641 0.1443 0.2399 0.1306 0.1721 0.0000 0.4906 1.1351 0.7561 0.6770 0.0550
CysRS_AF_Euk_Micromonas_commoda_gene8246535 0.2530 0.3383 0.4056 0.4632 0.2601 0.2287 0.2223 0.4133 0.2379 0.2758 0.2377 0.3127 0.3523 0.1771 0.3886 0.2577 0.5054 0.6652 0.4234 0.1732 0.2386 0.3154 0.4117 0.1462 0.3317 0.3177 0.4480 0.4031 0.4861 0.3883 0.4795 0.3938 0.3090 0.2610 0.3450 0.1982 0.3805 0.4449 0.4090 0.5232 0.3752 0.4906 0.0000 0.7271 0.3858 0.2797 0.3916
CysRS_AF_Bact_Mycoplasma_hyopneumoniae_168-L_gene57101512 0.8320 0.7885 0.8911 1.0186 0.3997 0.5917 0.7062 0.8902 0.4646 0.4322 1.0993 0.9527 0.5340 0.4960 0.4909 0.4198 1.0965 1.2201 1.0110 0.8324 0.3106 0.5002 0.5915 0.5536 0.8340 0.8718 0.9679 1.1249 0.9246 0.9111 1.1198 1.0951 0.8588 1.1619 1.0593 0.4418 0.4748 0.8746 0.9845 1.0695 1.1081 1.1351 0.7271 0.0000 0.4778 0.3735 1.0388
CysRS_AF_Arch_Methanospirillum_hungatei_JF-1_gene3922979 0.3561 0.7733 0.9133 0.8414 0.4167 0.1936 0.2621 0.8540 0.3089 0.3652 0.6548 0.8457 0.3372 0.3884 0.3722 0.2629 0.7357 0.9251 0.7625 0.3845 0.1884 0.4113 0.3411 0.4858 0.7384 0.9790 0.7359 0.8806 0.8468 0.7807 0.8512 1.1264 0.7468 0.3628 0.8718 0.3426 0.2566 0.6654 0.6926 0.9519 1.0295 0.7561 0.3858 0.4778 0.0000 0.2264 0.9612
CysRS_PDB_Bact_E_coli_1LI5 0.2404 1.0326 0.6914 1.2068 0.3888 0.2336 0.3140 0.9600 0.2321 0.3055 0.3569 0.7338 0.3951 0.2376 0.2398 0.2678 0.8030 0.8640 0.7524 0.2716 0.1740 0.3401 0.3069 0.2715 0.7846 0.7435 0.9271 0.8564 0.8466 0.7206 1.0554 0.9133 0.9527 0.3339 0.7831 0.3048 0.1241 0.8585 0.6570 0.9096 0.9673 0.6770 0.2797 0.3735 0.2264 0.0000 0.8495
ArgRS_AF_Vir_Megavirus_chiliensis_gene11257368 0.3907 0.1345 0.2041 0.1537 0.5312 0.5944 0.4167 0.2436 0.3944 0.6426 0.5585 0.2067 0.7569 0.5074 0.9684 0.4459 0.1396 0.2756 0.0550 0.3741 0.9718 1.1514 0.4779 0.4234 0.0821 0.2073 0.0845 0.1214 0.1591 0.1218 0.1404 0.1143 0.0715 0.4163 0.1622 0.5128 0.8975 0.1539 0.2130 0.1732 0.1068 0.0550 0.3916 1.0388 0.9612 0.8495 0.0000
