47
ArgRS_AF_Arch_Candidatus_Nitrosopumilus_sediminis_gene13697696 0.0000 0.6855 0.3476 0.3232 0.8202 0.3461 0.7940 0.4107 0.3483 0.3008 0.6327 0.7393 0.8275 0.4343 0.6387 0.5425 0.8130 0.7185 0.5389 0.6161 0.3133 0.3432 0.3389 0.3711 0.6929 0.7338 0.3161 0.3418 0.6939 0.4970 0.6377 0.4248 0.3937 0.7504 0.3519 0.7174 0.8035 0.7261 0.7437 0.6939 0.3696 0.4327 0.3831 0.3403 0.3884 0.7482 0.7131
CysRS_AF_Euk_Drosophila_melanogaster_gene36784 0.6855 0.0000 0.5606 0.7218 0.5371 0.6700 0.3375 0.6387 0.5969 0.7504 0.4060 0.5256 0.5371 0.6278 0.2050 0.1541 0.3600 0.5642 0.6982 0.3461 0.6588 0.6327 0.5959 0.6477 0.4030 0.5697 0.5799 0.5425 0.4115 0.5809 0.3674 0.7185 0.6577 0.4701 0.5134 0.4953 0.4520 0.3704 0.5108 0.3161 0.7024 0.6618 0.6397 0.6132 0.6347 0.5282 0.4185
ArgRS_AF_Bact_Prochlorococcus_marinus_subsp_marinus_str_CCMP1375_gene54199571 0.3476 0.5606 0.0000 0.4107 0.8373 0.3332 0.7142 0.3549 0.4209 0.3563 0.4885 0.7437 0.7800 0.4456 0.5470 0.4232 0.6960 0.7777 0.5353 0.5300 0.2994 0.3534 0.2380 0.4885 0.6876 0.7685 0.1447 0.3425 0.6731 0.5073 0.5846 0.5265 0.4586 0.7316 0.1804 0.4488 0.7893 0.6219 0.8023 0.6567 0.3915 0.4885 0.3105 0.3084 0.3232 0.8905 0.8035
ArgRS_AF_Arch_Candidatus_Korarchaeum_cryptofilum_OPF8_gene6093502 0.3232 0.7218 0.4107 0.0000 0.6229 0.4701 0.8047 0.4060 0.3861 0.3884 0.7316 0.6036 0.8572 0.4627 0.5893 0.5679 0.7426 0.8584 0.5398 0.5997 0.3232 0.4718 0.4138 0.3593 0.6337 0.7685 0.4280 0.3681 0.7527 0.5959 0.6477 0.4264 0.4076 0.7731 0.4060 0.3999 0.7987 0.6308 0.7824 0.7327 0.3303 0.4209 0.4224 0.3937 0.5151 0.6992 0.8879
CysRS_PDB_Bact_E_coli_1LI5 0.8202 0.5371 0.8373 0.6229 0.0000 0.4138 0.5073 0.4022 0.3232 0.8931 0.5587 0.3190 0.3360 0.3490 0.5940 0.4936 0.4399 0.5318 0.5940 0.3983 0.6327 0.5884 0.7905 0.6690 0.5056 0.4504 0.7371 0.7651 0.6876 0.6456 0.6026 0.7153 0.7360 0.6876 0.7964 0.3794 0.5515 0.6950 0.5230 0.6036 0.3105 0.9023 0.7572 0.8957 0.6507 0.4784 0.6507
ArgRS_AF_Euk_Polyodon_spathula_gene121324634 0.3461 0.6700 0.3332 0.4701 0.4138 0.0000 0.8166 0.4726 0.4945 0.3953 0.5688 0.4676 0.7261 0.4718 0.5772 0.5624 0.8447 0.8299 0.5479 0.6628 0.4504 0.3907 0.3168 0.4801 0.7663 0.7987 0.3549 0.4860 0.7077 0.5479 0.7858 0.4553 0.5344 0.7964 0.3375 0.5479 0.8459 0.8094 0.9115 0.8597 0.4793 0.5479 0.3667 0.2830 0.0610 0.5318 0.8035
CysRS_AF_Arch_Aciduliprofundum_boonei_T469_gene8827372 0.7940 0.3375 0.7142 0.8047 0.5073 0.8166 0.0000 0.7976 0.8058 0.8336 0.3375 0.4343 0.3983 0.8788 0.3498 0.2898 0.3749 0.3652 0.6782 0.3147 0.7777 0.7305 0.8154 0.8750 0.4030 0.4618 0.7185 0.7305 0.4979 0.6950 0.4193 0.7538 0.7824 0.5230 0.7527 0.4835 0.4651 0.4272 0.4684 0.3461 0.8509 0.8522 0.7893 0.9263 0.8737 0.3953 0.4979
ArgRS_AF_Bact_Streptobacillus_moniliformis_DSM_12112_gene29674021 0.4107 0.6387 0.3549 0.4060 0.4022 0.4726 0.7976 0.0000 0.4488 0.3447 0.6308 0.6608 0.9263 0.4801 0.5725 0.6762 0.7940 0.8484 0.5922 0.6577 0.3953 0.4919 0.3652 0.3622 0.6741 0.8275 0.3001 0.4618 0.7261 0.4902 0.7283 0.4201 0.3432 0.7917 0.3549 0.6055 0.7800 0.7088 0.8166 0.7617 0.4545 0.4296 0.3999 0.3667 0.4618 0.8422 0.4784
ArgRS_PDB_Bact_1IQ0 0.3483 0.5969 0.4209 0.3861 0.3232 0.4945 0.8058 0.4488 0.0000 0.4877 0.5707 0.5744 0.7651 0.4537 0.5056 0.5221 0.7595 0.7415 0.6288 0.7207 0.4060 0.5056 0.4734 0.5160 0.5479 0.7663 0.3892 0.3794 0.7708 0.5282 0.6803 0.5497 0.4835 0.7952 0.4232 0.5497 0.6608 0.7261 0.8035 0.7882 0.4201 0.4868 0.5587 0.4359 0.5039 0.4391 0.8275
ArgRS_AF_Bact_Chlamydia_psittaci_6BC_gene12242456 0.3008 0.7504 0.3563 0.3884 0.8931 0.3953 0.8336 0.3447 0.4877 0.0000 0.5874 0.8866 0.8918 0.4375 0.6466 0.6537 0.8522 0.8251 0.5443 0.7549 0.2967 0.4084 0.2510 0.4610 0.7482 0.7174 0.3064 0.4060 0.6782 0.4545 0.7572 0.4391 0.3846 0.8166 0.3403 0.5090 0.9102 0.7504 0.8178 0.8035 0.3696 0.4520 0.4030 0.3652 0.4248 0.9115 0.8814
CysRS_AF_Vir_Megavirus_chiliensis_gene11257271 0.6327 0.4060 0.4885 0.7316 0.5587 0.5688 0.3375 0.6308 0.5707 0.5874 0.0000 0.5134 0.4751 0.7964 0.4091 0.3246 0.4091 0.6074 0.7527 0.4248 0.7218 0.6929 0.6249 0.6669 0.4868 0.4868 0.4818 0.5300 0.5434 0.7283 0.3771 0.7261 0.6741 0.5551 0.4801 0.5688 0.5707 0.4784 0.6249 0.4668 0.6897 0.7952 0.6387 0.5884 0.5353 0.5443 0.6171
CysRS_PDB_Bact_M_smegmatis_3C8Z 0.7393 0.5256 0.7437 0.6036 0.3190 0.4676 0.4343 0.6608 0.5744 0.8866 0.5134 0.0000 0.3161 0.6929 0.5716 0.5125 0.4504 0.5371 0.5744 0.3771 0.4701 0.6151 0.7606 0.5809 0.3922 0.5371 0.6960 0.7077 0.6628 0.6772 0.4902 0.6939 0.7976 0.6876 0.8142 0.4868 0.5790 0.5569 0.4162 0.5125 0.5443 0.6939 0.8827 0.9427 0.7174 0.3360 0.6229
CysRS_AF_Bact_Bordetella_avium_197N_gene41394405 0.8275 0.5371 0.7800 0.8572 0.3360 0.7261 0.3983 0.9263 0.7651 0.8918 0.4751 0.3161 0.0000 0.9142 0.5497 0.5443 0.4793 0.4537 0.7415 0.3375 0.7305 0.8070 0.9236 0.8534 0.4684 0.4448 0.7583 0.6939 0.6113 0.8879 0.4311 0.6908 0.8251 0.5497 0.7640 0.6426 0.4488 0.5247 0.3008 0.5846 0.9209 0.8957 0.9413 0.8547 0.6762 0.3105 0.5846
ArgRS_PDB_Arch_2ZUF 0.4343 0.6278 0.4456 0.4627 0.3490 0.4718 0.8788 0.4801 0.4537 0.4375 0.7964 0.6929 0.9142 0.0000 0.6229 0.5837 0.7882 0.8447 0.5212 0.5661 0.3922 0.4668 0.3968 0.4123 0.6426 0.8299 0.4375 0.4635 0.7360 0.5073 0.7327 0.5327 0.4919 0.6669 0.4311 0.6017 0.7449 0.7685 0.6992 0.7777 0.3771 0.4456 0.5846 0.5021 0.5039 0.6731 0.7812
CysRS_AF_Mito_Saccharomyces_cerevisiae_S288C_gene855474 0.6387 0.2050 0.5470 0.5893 0.5940 0.5772 0.3498 0.5725 0.5056 0.6466 0.4091 0.5716 0.5497 0.6229 0.0000 0.1890 0.4091 0.4818 0.5597 0.3260 0.5856 0.6249 0.5615 0.5940 0.3175 0.5753 0.6036 0.5434 0.4464 0.5707 0.3001 0.6017 0.5697 0.4643 0.4643 0.6897 0.4776 0.3253 0.4726 0.3861 0.6317 0.6436 0.6288 0.6055 0.5922 0.5056 0.3534
CysRS_AF_Euk_Homo_sapiens_gene833 0.5425 0.1541 0.4232 0.5679 0.4936 0.5624 0.2898 0.6762 0.5221 0.6537 0.3246 0.5125 0.5443 0.5837 0.1890 0.0000 0.3637 0.5142 0.6229 0.3289 0.5716 0.6017 0.5670 0.5912 0.3607 0.5353 0.4953 0.4919 0.3999 0.6219 0.3310 0.6200 0.6497 0.4801 0.4919 0.4201 0.4367 0.4232 0.4668 0.2689 0.5988 0.6638 0.6288 0.6007 0.5265 0.5425 0.3771
CysRS_AF_Bact_Lactobacillus_amylovorus_GRL1118_gene66523130 0.8130 0.3600 0.6960 0.7426 0.4399 0.8447 0.3749 0.7940 0.7595 0.8522 0.4091 0.4504 0.4793 0.7882 0.4091 0.3637 0.0000 0.4635 0.7999 0.2763 0.7629 0.6772 0.7185 0.8226 0.3786 0.4264 0.7218 0.6387 0.4407 0.7561 0.3652 0.6249 0.7516 0.5073 0.7327 0.5884 0.4280 0.3534 0.4303 0.3756 0.8385 0.6929 0.8996 0.7893 0.8361 0.4193 0.5238
CysRS_AF_Arch_Candidatus_Nitrosopumilus_sediminis_gene13696907 0.7185 0.5642 0.7777 0.8584 0.5318 0.8299 0.3652 0.8484 0.7415 0.8251 0.6074 0.5371 0.4537 0.8447 0.4818 0.5142 0.4635 0.0000 0.7035 0.4488 0.7185 0.7338 0.8422 0.8435 0.4979 0.5524 0.7940 0.7228 0.6507 0.8166 0.5884 0.7371 0.6929 0.6074 0.7708 0.5470 0.6171 0.5615 0.5461 0.5912 0.8698 0.7847 0.8178 0.7261 0.8348 0.4953 0.5587
ArgRS_AF_Arch_Desulfurococcus_mucosus_DSM_2162_gene10153309 0.5389 0.6982 0.5353 0.5398 0.5940 0.5479 0.6782 0.5922 0.6288 0.5443 0.7527 0.5744 0.7415 0.5212 0.5597 0.6229 0.7999 0.7035 0.0000 0.7382 0.5230 0.5809 0.5642 0.5661 0.6547 0.3175 0.5606 0.5327 0.7393 0.5790 0.7504 0.4537 0.5090 0.7516 0.4296 0.5443 0.8698 0.7697 0.3593 0.7640 0.4970 0.5670 0.6367 0.5884 0.5470 0.3505 0.5753
CysRS_AF_Bact_Streptobacillus_moniliformis_DSM_12112_gene29673427 0.6161 0.3461 0.5300 0.5997 0.3983 0.6628 0.3147 0.6577 0.7207 0.7549 0.4248 0.3771 0.3375 0.5661 0.3260 0.3289 0.2763 0.4488 0.7382 0.0000 0.6239 0.6477 0.6477 0.7327 0.3968 0.4327 0.5569 0.5336 0.4343 0.7685 0.2844 0.8214 0.7629 0.3869 0.5073 0.5524 0.5230 0.3549 0.3960 0.4130 0.8130 0.7777 0.6547 0.6249 0.6377 0.3246 0.3809
ArgRS_AF_Mito_Homo_sapiens_gene57038 0.3133 0.6588 0.2994 0.3232 0.6327 0.4504 0.7777 0.3953 0.4060 0.2967 0.7218 0.4701 0.7305 0.3922 0.5856 0.5716 0.7629 0.7185 0.5230 0.6239 0.0000 0.3126 0.3953 0.3771 0.6793 0.7088 0.3375 0.3260 0.6577 0.3756 0.6762 0.4391 0.4060 0.6824 0.3541 0.3726 0.7239 0.7110 0.9155 0.6782 0.3461 0.3771 0.4185 0.3794 0.4296 0.5318 0.8435
ArgRS_PDB_Euk_S_cerevisiae_1BS2 0.3432 0.6327 0.3534 0.4718 0.5884 0.3907 0.7305 0.4919 0.5056 0.4084 0.6929 0.6151 0.8070 0.4668 0.6249 0.6017 0.6772 0.7338 0.5809 0.6477 0.3126 0.0000 0.4635 0.4635 0.4594 0.6866 0.4232 0.5125 0.6649 0.4248 0.5997 0.5265 0.5642 0.6527 0.3204 0.3432 0.7940 0.6845 0.6190 0.7185 0.4676 0.5497 0.4248 0.4099 0.3615 0.5762 0.5515
ArgRS_AF_Euk_Micromonas_commoda_gene8250062 0.3389 0.5959 0.2380 0.4138 0.7905 0.3168 0.8154 0.3652 0.4734 0.2510 0.6249 0.7606 0.9236 0.3968 0.5615 0.5670 0.7185 0.8422 0.5642 0.6477 0.3953 0.4635 0.0000 0.4327 0.6426 0.7174 0.2025 0.3741 0.5959 0.4835 0.6845 0.5336 0.4177 0.7777 0.2953 0.5380 0.7595 0.8011 0.7415 0.8023 0.3593 0.3839 0.3317 0.3771 0.3930 0.6567 0.8299
ArgRS_AF_Bact_Corynebacterium_ulcerans_809_gene75260071 0.3711 0.6477 0.4885 0.3593 0.6690 0.4801 0.8750 0.3622 0.5160 0.4610 0.6669 0.5809 0.8534 0.4123 0.5940 0.5912 0.8226 0.8435 0.5661 0.7327 0.3771 0.4635 0.4327 0.0000 0.6793 0.7371 0.4123 0.3637 0.7110 0.4801 0.6679 0.2885 0.2871 0.8559 0.4169 0.5903 0.7952 0.6814 0.7882 0.8410 0.3289 0.3246 0.5247 0.4970 0.4851 0.4701 0.6122
CysRS_AF_Arch_Pyrobaculum_ferrireducens_gene11593896 0.6929 0.4030 0.6876 0.6337 0.5056 0.7663 0.4030 0.6741 0.5479 0.7482 0.4868 0.3922 0.4684 0.6426 0.3175 0.3607 0.3786 0.4979 0.6547 0.3968 0.6793 0.4594 0.6426 0.6793 0.0000 0.4751 0.6876 0.5997 0.3999 0.6982 0.3549 0.7228 0.5818 0.5116 0.6527 0.4936 0.5090 0.3411 0.4423 0.3968 0.5922 0.6793 0.8373 0.6772 0.7228 0.3922 0.4651
CysRS_AF_Bact_Mycobacterium_canettii_CIPT_140010059_gene45427568 0.7338 0.5697 0.7685 0.7685 0.4504 0.7987 0.4618 0.8275 0.7663 0.7174 0.4868 0.5371 0.4448 0.8299 0.5753 0.5353 0.4264 0.5524 0.3175 0.4327 0.7088 0.6866 0.7174 0.7371 0.4751 0.0000 0.6971 0.7572 0.6367 0.5461 0.5479 0.7583 0.8166 0.6113 0.7987 0.5661 0.5997 0.5443 0.4138 0.5922 0.7870 0.8435 0.8226 0.8534 0.7987 0.4359 0.5679
ArgRS_AF_Euk_Paulinella_chromatophora_gene6481434 0.3161 0.5799 0.1447 0.4280 0.7371 0.3549 0.7185 0.3001 0.3892 0.3064 0.4818 0.6960 0.7583 0.4375 0.6036 0.4953 0.7218 0.7940 0.5606 0.5569 0.3375 0.4232 0.2025 0.4123 0.6876 0.6971 0.0000 0.3563 0.6180 0.4835 0.6527 0.5221 0.3367 0.6960 0.2189 0.6537 0.7261 0.7099 0.7987 0.6992 0.4053 0.3816 0.3036 0.3161 0.3360 0.7617 0.7426
ArgRS_AF_Bact_Mycoplasma_hyopneumoniae_168-L_gene57100855 0.3418 0.5425 0.3425 0.3681 0.7651 0.4860 0.7305 0.4618 0.3794 0.4060 0.5300 0.7077 0.6939 0.4635 0.5434 0.4919 0.6387 0.7228 0.5327 0.5336 0.3260 0.5125 0.3741 0.3637 0.5997 0.7572 0.3563 0.0000 0.5799 0.5336 0.5407 0.3549 0.2912 0.7360 0.3816 0.7847 0.6960 0.6239 0.7606 0.6055 0.3696 0.2702 0.4835 0.4107 0.4751 0.6017 0.7870
CysRS_AF_Euk_Micromonas_commoda_gene8246535 0.6939 0.4115 0.6731 0.7527 0.6876 0.7077 0.4979 0.7261 0.7708 0.6782 0.5434 0.6628 0.6113 0.7360 0.4464 0.3999 0.4407 0.6507 0.7393 0.4343 0.6577 0.6649 0.5959 0.7110 0.3999 0.6367 0.6180 0.5799 0.0000 0.7651 0.4520 0.7045 0.7228 0.5160 0.5988 0.4327 0.6074 0.4868 0.5818 0.4868 0.7250 0.7142 0.6960 0.6876 0.7142 0.5434 0.4138
ArgRS_AF_Mito_Caenorhabditis_elegans_gene174023 0.4970 0.5809 0.5073 0.5959 0.6456 0.5479 0.6950 0.4902 0.5282 0.4545 0.7283 0.6772 0.8879 0.5073 0.5707 0.6219 0.7561 0.8166 0.5790 0.7685 0.3756 0.4248 0.4835 0.4801 0.6982 0.5461 0.4835 0.5336 0.7651 0.0000 0.7035 0.5265 0.5371 0.6834 0.5013 0.6547 0.7207 0.7153 0.6367 0.6407 0.5125 0.4751 0.6782 0.4885 0.5300 0.5230 0.8597
CysRS_AF_Mito_Morone_saxatilis_gene118339815 0.6377 0.3674 0.5846 0.6477 0.6026 0.7858 0.4193 0.7283 0.6803 0.7572 0.3771 0.4902 0.4311 0.7327 0.3001 0.3310 0.3652 0.5884 0.7504 0.2844 0.6762 0.5997 0.6845 0.6679 0.3549 0.5479 0.6527 0.5407 0.4520 0.7035 0.0000 0.7404 0.7013 0.4809 0.5809 0.5056 0.4709 0.1708 0.4130 0.4407 0.7629 0.7527 0.7099 0.6741 0.6638 0.4718 0.4996
ArgRS_AF_Bact_Cupriavidus_taiwanensis_LMG_19424_gene29762022 0.4248 0.7185 0.5265 0.4264 0.7153 0.4553 0.7538 0.4201 0.5497 0.4391 0.7261 0.6939 0.6908 0.5327 0.6017 0.6200 0.6249 0.7371 0.4537 0.8214 0.4391 0.5265 0.5336 0.2885 0.7228 0.7583 0.5221 0.3549 0.7045 0.5265 0.7404 0.0000 0.3225 0.7731 0.4375 0.4979 0.7651 0.7250 0.7766 0.9169 0.3711 0.3534 0.6132 0.4319 0.4154 0.3622 0.8775
ArgRS_AF_Bact_Anoxybacillus_flavithermus_WK1_gene7039015 0.3937 0.6577 0.4586 0.4076 0.7360 0.5344 0.7824 0.3432 0.4835 0.3846 0.6741 0.7976 0.8251 0.4919 0.5697 0.6497 0.7516 0.6929 0.5090 0.7629 0.4060 0.5642 0.4177 0.2871 0.5818 0.8166 0.3367 0.2912 0.7228 0.5371 0.7013 0.3225 0.0000 0.8239 0.4668 0.8673 0.7940 0.7024 0.7766 0.7583 0.3282 0.2239 0.5407 0.4512 0.5353 0.7415 0.8324
CysRS_AF_Euk_Arabidopsis_thaliana_gene833874 0.7504 0.4701 0.7316 0.7731 0.6876 0.7964 0.5230 0.7917 0.7952 0.8166 0.5551 0.6876 0.5497 0.6669 0.4643 0.4801 0.5073 0.6074 0.7516 0.3869 0.6824 0.6527 0.7777 0.8559 0.5116 0.6113 0.6960 0.7360 0.5160 0.6834 0.4809 0.7731 0.8239 0.0000 0.7185 0.6908 0.5606 0.5004 0.6151 0.5679 0.5587 0.7976 0.7999 0.7800 0.7708 0.5884 0.4936
ArgRS_AF_Bact_Escherichia_coli_O157:H7_str._Sakai_gene912519 0.3519 0.5134 0.1804 0.4060 0.7964 0.3375 0.7527 0.3549 0.4232 0.3403 0.4801 0.8142 0.7640 0.4311 0.4643 0.4919 0.7327 0.7708 0.4296 0.5073 0.3541 0.3204 0.2953 0.4169 0.6527 0.7987 0.2189 0.3816 0.5988 0.5013 0.5809 0.4375 0.4668 0.7185 0.0000 0.5940 0.7327 0.6397 0.8202 0.7045 0.3861 0.4635 0.2844 0.3071 0.3161 0.4709 0.5309
CysRS_AF_Bact_Mycoplasma_hyopneumoniae_168-L_gene57101512 0.7174 0.4953 0.4488 0.3999 0.3794 0.5479 0.4835 0.6055 0.5497 0.5090 0.5688 0.4868 0.6426 0.6017 0.6897 0.4201 0.5884 0.5470 0.5443 0.5524 0.3726 0.3432 0.5380 0.5903 0.4936 0.5661 0.6537 0.7847 0.4327 0.6547 0.5056 0.4979 0.8673 0.6908 0.5940 0.0000 0.5160 0.3454 0.5282 0.4970 0.5940 0.6720 0.5753 0.4288 0.3556 0.6426 0.5371
CysRS_AF_Bact_Prochlorococcus_marinus_subsp_marinus_str_CCMP1375_gene54200571 0.8035 0.4520 0.7893 0.7987 0.5515 0.8459 0.4651 0.7800 0.6608 0.9102 0.5707 0.5790 0.4488 0.7449 0.4776 0.4367 0.4280 0.6171 0.8698 0.5230 0.7239 0.7940 0.7595 0.7952 0.5090 0.5997 0.7261 0.6960 0.6074 0.7207 0.4709 0.7651 0.7940 0.5606 0.7327 0.5160 0.0000 0.5597 0.4423 0.4660 0.8497 0.7777 0.6855 0.8118 0.8572 0.5661 0.4809
CysRS_AF_Mito_Homo_sapiens_gene79587 0.7261 0.3704 0.6219 0.6308 0.6950 0.8094 0.4272 0.7088 0.7261 0.7504 0.4784 0.5569 0.5247 0.7685 0.3253 0.4232 0.3534 0.5615 0.7697 0.3549 0.7110 0.6845 0.8011 0.6814 0.3411 0.5443 0.7099 0.6239 0.4868 0.7153 0.1708 0.7250 0.7024 0.5004 0.6397 0.3454 0.5597 0.0000 0.5569 0.4877 0.7393 0.7218 0.8239 0.7261 0.7174 0.4818 0.4076
CysRS_AF_Bact_Porphyromonas_gingivalis_ATCC_33277_gene29256960 0.7437 0.5108 0.8023 0.7824 0.5230 0.9115 0.4684 0.8166 0.8035 0.8178 0.6249 0.4162 0.3008 0.6992 0.4726 0.4668 0.4303 0.5461 0.3593 0.3960 0.9155 0.6190 0.7415 0.7882 0.4423 0.4138 0.7987 0.7606 0.5818 0.6367 0.4130 0.7766 0.7766 0.6151 0.8202 0.5282 0.4423 0.5569 0.0000 0.6093 0.8801 0.8422 0.8497 0.8711 0.9413 0.3960 0.5642
CysRS_AF_Euk_Cyanidioschyzon_merolae_strain_10D_gene16993418 0.6939 0.3161 0.6567 0.7327 0.6036 0.8597 0.3461 0.7617 0.7882 0.8035 0.4668 0.5125 0.5846 0.7777 0.3861 0.2689 0.3756 0.5912 0.7640 0.4130 0.6782 0.7185 0.8023 0.8410 0.3968 0.5922 0.6992 0.6055 0.4868 0.6407 0.4407 0.9169 0.7583 0.5679 0.7045 0.4970 0.4660 0.4877 0.6093 0.0000 0.7835 0.7976 0.8827 0.7940 0.8711 0.5912 0.5407
ArgRS_AF_Arch_Methanothermococcus_okinawensis_IH1_gene10773248 0.3696 0.7024 0.3915 0.3303 0.3105 0.4793 0.8509 0.4545 0.4201 0.3696 0.6897 0.5443 0.9209 0.3771 0.6317 0.5988 0.8385 0.8698 0.4970 0.8130 0.3461 0.4676 0.3593 0.3289 0.5922 0.7870 0.4053 0.3696 0.7250 0.5125 0.7629 0.3711 0.3282 0.5587 0.3861 0.5940 0.8497 0.7393 0.8801 0.7835 0.0000 0.3084 0.5013 0.4709 0.5282 0.6132 0.7493
ArgRS_AF_Bact_Brachyspira_pilosicoli_95_1000_gene56439668 0.4327 0.6618 0.4885 0.4209 0.9023 0.5479 0.8522 0.4296 0.4868 0.4520 0.7952 0.6939 0.8957 0.4456 0.6436 0.6638 0.6929 0.7847 0.5670 0.7777 0.3771 0.5497 0.3839 0.3246 0.6793 0.8435 0.3816 0.2702 0.7142 0.4751 0.7527 0.3534 0.2239 0.7976 0.4635 0.6720 0.7777 0.7218 0.8422 0.7976 0.3084 0.0000 0.5212 0.5461 0.5362 0.6845 0.8263
ArgRS_AF_Euk_Thalassiosira_pseudonana_CCMP1335_gene7449555 0.3831 0.6397 0.3105 0.4224 0.7572 0.3667 0.7893 0.3999 0.5587 0.4030 0.6387 0.8827 0.9413 0.5846 0.6288 0.6288 0.8996 0.8178 0.6367 0.6547 0.4185 0.4248 0.3317 0.5247 0.8373 0.8226 0.3036 0.4835 0.6960 0.6782 0.7099 0.6132 0.5407 0.7999 0.2844 0.5753 0.6855 0.8239 0.8497 0.8827 0.5013 0.5212 0.0000 0.4006 0.3771 0.8892 0.5978
ArgRS_AF_Vir_Megavirus_chiliensis_gene11257368 0.3403 0.6132 0.3084 0.3937 0.8957 0.2830 0.9263 0.3667 0.4359 0.3652 0.5884 0.9427 0.8547 0.5021 0.6055 0.6007 0.7893 0.7261 0.5884 0.6249 0.3794 0.4099 0.3771 0.4970 0.6772 0.8534 0.3161 0.4107 0.6876 0.4885 0.6741 0.4319 0.4512 0.7800 0.3071 0.4288 0.8118 0.7261 0.8711 0.7940 0.4709 0.5461 0.4006 0.0000 0.2830 0.5688 0.6017
ArgRS_AF_Euk_Homo_sapiens_gene5917 0.3884 0.6347 0.3232 0.5151 0.6507 0.0610 0.8737 0.4618 0.5039 0.4248 0.5353 0.7174 0.6762 0.5039 0.5922 0.5265 0.8361 0.8348 0.5470 0.6377 0.4296 0.3615 0.3930 0.4851 0.7228 0.7987 0.3360 0.4751 0.7142 0.5300 0.6638 0.4154 0.5353 0.7708 0.3161 0.3556 0.8572 0.7174 0.9413 0.8711 0.5282 0.5362 0.3771 0.2830 0.0000 0.7572 0.6803
CysRS_AF_Arch_Methanospirillum_hungatei_JF-1_gene3922979 0.7482 0.5282 0.8905 0.6992 0.4784 0.5318 0.3953 0.8422 0.4391 0.9115 0.5443 0.3360 0.3105 0.6731 0.5056 0.5425 0.4193 0.4953 0.3505 0.3246 0.5318 0.5762 0.6567 0.4701 0.3922 0.4359 0.7617 0.6017 0.5434 0.5230 0.4718 0.3622 0.7415 0.5884 0.4709 0.6426 0.5661 0.4818 0.3960 0.5912 0.6132 0.6845 0.8892 0.5688 0.7572 0.0000 0.5013
CysRS_AF_Bact_Treponema_pallidum_subsp_pertenue_str_SamoaD_gene57878631 0.7131 0.4185 0.8035 0.8879 0.6507 0.8035 0.4979 0.4784 0.8275 0.8814 0.6171 0.6229 0.5846 0.7812 0.3534 0.3771 0.5238 0.5587 0.5753 0.3809 0.8435 0.5515 0.8299 0.6122 0.4651 0.5679 0.7426 0.7870 0.4138 0.8597 0.4996 0.8775 0.8324 0.4936 0.5309 0.5371 0.4809 0.4076 0.5642 0.5407 0.7493 0.8263 0.5978 0.6017 0.6803 0.5013 0.0000
