47
CysRS_AF_Bact_Streptobacillus_moniliformis_DSM_12112_gene29673427 0.0000 2.5805 3.4553 2.6382 1.6026 1.5456 2.0648 2.0694 1.6969 1.5970 1.7744 2.6554 1.7157 1.2368 1.4943 1.3281 3.3459 2.7559 2.7089 2.2586 1.8591 1.9603 1.6253 2.0198 2.3171 2.1316 2.9241 2.5567 2.2932 3.4747 2.1668 2.2306 2.4604 2.0465 2.6214 1.4869 1.6754 2.7368 2.2252 1.8300 2.6298 3.1414 1.4529 2.0740 1.2636 1.2873 3.3459
ArgRS_AF_Euk_Micromonas_commoda_gene8250062 2.5805 0.0000 1.5482 1.4577 2.7559 2.5185 2.0740 1.5482 2.2932 2.4818 1.9201 1.5377 2.3925 2.3795 2.3111 2.5036 1.5222 1.7846 1.0934 2.3925 3.2154 2.3292 2.1217 2.7181 0.8931 1.6139 1.1197 1.5860 1.7812 1.7094 1.6545 1.0585 0.8750 2.4057 1.4363 2.1415 2.9241 0.9304 1.7479 1.2893 1.1434 0.9951 2.1720 3.0332 2.7368 3.0461 1.3751
ArgRS_AF_Bact_Anoxybacillus_flavithermus_WK1_gene7039015 3.4553 1.5482 0.0000 0.9331 2.3171 2.7463 2.2035 1.1997 2.4057 2.3171 2.4191 1.3075 2.1668 2.1566 2.2529 2.5185 1.6486 1.9854 1.9521 2.7559 2.2252 3.1273 2.1465 2.1824 1.4869 1.1747 1.3621 1.8158 1.4109 0.9142 1.8929 2.0375 1.5222 2.0242 1.0838 2.5490 3.5144 1.7220 1.0173 1.1997 1.3664 2.0648 2.5336 4.0669 2.9591 2.2197 1.8517
ArgRS_AF_Bact_Cupriavidus_taiwanensis_LMG_19424_gene29762022 2.6382 1.4577 0.9331 0.0000 3.5144 3.3118 3.1558 1.1961 2.2362 2.1365 2.1982 1.5069 2.1365 2.1516 2.7559 2.3416 1.2873 1.7677 1.7157 2.3540 2.0740 2.3603 2.2252 2.5646 1.3492 1.5750 1.2144 1.7812 1.6664 1.0461 1.5642 1.6196 1.4869 2.7656 1.2293 2.1365 2.1316 1.5273 1.2734 1.5535 1.5970 1.5377 2.1516 3.7605 2.3416 2.1668 1.8591
CysRS_AF_Vir_Megavirus_chiliensis_gene11257271 1.6026 2.7559 2.3171 3.5144 0.0000 2.3416 2.2815 2.6130 2.5036 3.0995 2.6048 1.9811 2.7463 3.3812 1.9083 2.6382 2.6998 3.0332 3.8911 2.3416 2.9473 3.0205 2.1365 2.0111 2.4124 2.1316 2.5413 3.2154 2.4963 3.4553 2.5966 2.9832 2.7559 2.0465 2.3171 2.3292 2.1120 2.3991 2.0740 2.8363 3.2951 2.7953 3.6883 2.2815 3.2787 2.8792 2.9014
CysRS_AF_Arch_Aciduliprofundum_boonei_T469_gene8827372 1.5456 2.5185 2.7463 3.3118 2.3416 0.0000 2.1168 2.7181 1.8300 1.8264 2.0556 2.9473 2.1168 1.6369 1.8158 1.4155 3.8373 2.7559 2.5490 1.8891 1.6253 1.9161 1.4625 2.1316 2.0375 2.4890 3.1273 3.0995 2.8683 2.8156 2.5185 2.2035 2.3416 1.7413 2.4604 1.9939 1.7220 3.3812 3.0205 2.7181 3.0724 2.6468 1.6369 2.3171 1.3664 1.4481 2.7953
CysRS_AF_Euk_Drosophila_melanogaster_gene36784 2.0648 2.0740 2.2035 3.1558 2.2815 2.1168 0.0000 2.3051 1.6545 2.1668 2.8156 2.7953 1.8967 1.9603 1.6907 2.0375 4.1308 2.7181 2.0787 1.5069 2.4191 2.1668 2.0694 1.2520 2.6298 2.4258 3.7605 3.1852 2.5567 2.3111 3.1852 2.4124 2.6818 0.6268 2.2700 1.7031 2.3731 2.7463 2.3540 2.8683 2.5110 2.2035 2.0556 2.9241 2.5646 2.9126 3.1852
ArgRS_PDB_Bact_1IQ0 2.0694 1.5482 1.1997 1.1961 2.6130 2.7181 2.3051 0.0000 1.9201 1.9280 2.3111 1.2368 2.2643 2.2035 2.0286 2.4258 1.3751 1.6724 1.6846 2.6048 2.7853 2.4963 1.7949 1.9769 1.2144 1.2913 1.0585 1.5750 1.2675 1.2520 1.6253 1.3281 1.1925 2.1365 1.0098 2.4191 2.3292 1.4577 1.6196 1.1065 1.3407 1.6427 2.1415 8.9438 2.0928 2.0024 1.6969
CysRS_AF_Mito_Homo_sapiens_gene79587 1.6969 2.2932 2.4057 2.2362 2.5036 1.8300 1.6545 1.9201 0.0000 1.4625 2.1217 2.3540 1.6664 1.7157 2.0556 2.0648 2.8156 2.7463 2.1217 1.7413 1.8665 1.5998 1.5642 2.0465 2.0375 2.2362 2.1217 2.3416 2.9473 1.9006 2.0928 2.3416 2.3416 1.6815 2.0067 0.6939 1.5750 2.2252 2.8792 2.5966 2.3603 2.6130 1.5377 3.5144 1.5509 1.5430 2.9711
CysRS_AF_Bact_Porphyromonas_gingivalis_ATCC_33277_gene29256960 1.5970 2.4818 2.3171 2.1365 3.0995 1.8264 2.1668 1.9280 1.4625 0.0000 1.6545 2.9014 1.6139 1.4387 1.3492 2.0375 2.3860 2.7953 2.2035 2.0510 1.4387 1.6785 1.4577 2.5725 2.5805 2.2586 3.1558 3.4944 2.7953 2.7368 2.3991 2.2815 2.4464 2.0976 3.5144 2.2815 1.3664 2.2932 2.5725 2.1217 2.9711 2.4057 1.8158 2.7181 1.2636 1.0934 2.7656
CysRS_AF_Euk_Arabidopsis_thaliana_gene833874 1.7744 1.9201 2.4191 2.1982 2.6048 2.0556 2.8156 2.3111 2.1217 1.6545 0.0000 2.5413 1.8123 1.4722 1.8853 1.9686 3.7605 3.1133 2.8469 2.5966 2.0928 2.0510 2.0740 2.3292 2.5110 2.1217 2.3231 2.7463 2.6907 2.1516 3.5766 2.7181 2.5805 2.3292 2.6729 2.0510 1.9280 2.5646 2.3231 2.1720 2.1120 2.7559 1.3386 3.2309 1.8480 1.5562 3.0724
ArgRS_AF_Arch_Methanothermococcus_okinawensis_IH1_gene10773248 2.6554 1.5377 1.3075 1.5069 1.9811 2.9473 2.7953 1.2368 2.3540 2.9014 2.5413 0.0000 3.4553 2.5805 2.4534 2.8575 1.6664 2.0694 1.6311 3.6651 5.5190 5.1974 2.3416 2.8792 1.3642 1.1485 1.2144 1.7349 1.3116 1.2913 1.6604 1.7220 1.3578 2.5185 1.0069 3.2787 2.3795 1.4293 1.4458 1.1365 1.3795 1.5915 2.7953 2.9473 3.3812 2.9711 1.7189
CysRS_AF_Bact_Treponema_pallidum_subsp_pertenue_str_SamoaD_gene57878631 1.7157 2.3925 2.1668 2.1365 2.7463 2.1168 1.8967 2.2643 1.6664 1.6139 1.8123 3.4553 0.0000 1.6427 1.9939 1.5535 2.2991 2.3540 2.4395 1.9603 1.6369 1.6785 1.5696 2.0928 2.3860 3.0995 2.1316 2.1516 3.9761 2.6818 2.2991 2.4534 2.6130 2.0787 2.5110 1.7094 1.6196 2.3111 2.1516 2.8054 2.4395 2.6998 1.9440 3.7360 1.7479 1.1997 3.7360
CysRS_AF_Bact_Lactobacillus_amylovorus_GRL1118_gene66523130 1.2368 2.3795 2.1566 2.1516 3.3812 1.6369 1.9603 2.2035 1.7157 1.4387 1.4722 2.5805 1.6427 0.0000 1.9521 1.3365 3.2625 2.8575 2.6641 1.6907 1.6938 1.8264 1.8158 1.8517 2.7368 2.5110 2.5336 2.8902 2.4057 2.9014 2.9126 2.1168 3.6200 2.1824 2.5036 1.6969 1.2293 3.7119 2.2197 2.0602 2.2035 2.6998 1.8665 2.3540 1.6574 0.9468 3.7360
CysRS_AF_Bact_Prochlorococcus_marinus_subsp_marinus_str_CCMP1375_gene54200571 1.4943 2.3111 2.2529 2.7559 1.9083 1.8158 1.6907 2.0286 2.0556 1.3492 1.8853 2.4534 1.9939 1.9521 0.0000 1.5970 2.0198 2.6214 2.3667 1.9562 2.1617 2.2252 1.4529 2.0465 2.2089 1.9939 2.7463 3.1852 3.0859 2.9711 2.1566 1.9939 2.1516 1.9201 2.2252 2.0881 1.6545 2.6818 2.5805 2.4675 2.1824 3.0205 1.8891 3.4177 1.4201 1.4819 3.0205
CysRS_AF_Arch_Candidatus_Nitrosopumilus_sediminis_gene13696907 1.3281 2.5036 2.5185 2.3416 2.6382 1.4155 2.0375 2.4258 2.0648 2.0375 1.9686 2.8575 1.5535 1.3365 1.5970 0.0000 2.5413 3.1852 3.3118 1.7544 1.6196 2.0154 1.3492 2.0740 2.4057 2.6468 3.1133 2.7559 2.6298 3.4553 5.8119 2.2089 2.5036 1.8853 2.1516 1.9360 1.9240 3.0859 2.1316 2.1415 2.2932 4.0669 1.6815 1.9686 1.5535 1.2034 3.3459
ArgRS_PDB_Euk_S_cerevisiae_1BS2 3.3459 1.5222 1.6486 1.2873 2.6998 3.8373 4.1308 1.3751 2.8156 2.3860 3.7605 1.6664 2.2991 3.2625 2.0198 2.5413 0.0000 1.8300 1.5805 2.9473 2.6214 3.5347 2.2306 2.7754 1.2387 1.7157 1.2754 1.1065 1.5120 1.2993 1.4387 1.4770 1.3281 2.7181 1.4041 3.4553 2.3171 1.2070 2.1316 1.3281 1.2598 1.5482 2.9473 3.4553 3.2787 2.8792 1.6139
ArgRS_AF_Arch_Desulfurococcus_mucosus_DSM_2162_gene10153309 2.7559 1.7846 1.9854 1.7677 3.0332 2.7559 2.7181 1.6724 2.7463 2.7953 3.1133 2.0694 2.3540 2.8575 2.6214 3.1852 1.8300 0.0000 1.8891 3.2154 2.2700 2.2143 3.0724 2.3292 1.6785 1.9854 2.1516 2.1217 1.4968 1.6604 2.2815 1.6938 1.7062 2.5260 1.5832 2.7754 2.7559 1.6311 1.7611 1.7778 1.7349 1.8300 3.0724 2.9711 2.8156 3.8112 2.1772
ArgRS_AF_Euk_Homo_sapiens_gene5917 2.7089 1.0934 1.9521 1.7157 3.8911 2.5490 2.0787 1.6846 2.1217 2.2035 2.8469 1.6311 2.4395 2.6641 2.3667 3.3118 1.5805 1.8891 0.0000 2.2815 2.3171 2.6818 2.0834 2.5567 1.0742 1.6196 1.0522 1.7220 1.7544 1.5915 1.7544 1.0870 1.0247 2.1071 1.3708 2.6818 2.6641 1.1382 1.5696 1.6634 1.2368 0.1865 3.2466 3.0332 2.3171 2.5413 1.2482
CysRS_AF_Euk_Cyanidioschyzon_merolae_strain_10D_gene16993418 2.2586 2.3925 2.7559 2.3540 2.3416 1.8891 1.5069 2.6048 1.7413 2.0510 2.5966 3.6651 1.9603 1.6907 1.9562 1.7544 2.9473 3.2154 2.2815 0.0000 1.6907 2.0111 1.6427 1.7413 2.9241 2.5885 2.6130 2.1929 7.6844 2.5725 2.6818 2.3540 3.3118 1.5145 2.5490 1.5723 2.0465 2.9356 2.6998 2.4327 3.2466 2.6907 1.6082 2.7368 2.0928 1.5170 2.6382
CysRS_PDB_Bact_M_smegmatis_3C8Z 1.8591 3.2154 2.2252 2.0740 2.9473 1.6253 2.4191 2.7853 1.8665 1.4387 2.0928 5.5190 1.6369 1.6938 2.1617 1.6196 2.6214 2.2700 2.3171 1.6907 0.0000 1.5535 1.5273 2.5185 3.3812 2.8792 2.4890 2.6818 3.3459 3.3812 3.0461 2.9473 4.9177 2.6298 4.1638 1.8665 1.6196 2.8575 2.5646 5.5190 4.6730 2.0648 1.6785 3.1273 1.4968 1.2520 4.3791
CysRS_AF_Bact_Mycobacterium_canettii_CIPT_140010059_gene45427568 1.9603 2.3292 3.1273 2.3603 3.0205 1.9161 2.1668 2.4963 1.5998 1.6785 2.0510 5.1974 1.6785 1.8264 2.2252 2.0154 3.5347 2.2143 2.6818 2.0111 1.5535 0.0000 1.7544 2.0740 2.9955 3.3118 3.0461 2.1720 2.1720 2.4057 2.7656 2.4890 3.3459 2.1415 2.4818 1.7577 1.6969 2.4464 2.5490 3.2787 3.7605 3.0461 1.8591 2.9241 1.3884 1.2482 2.9014
CysRS_AF_Arch_Pyrobaculum_ferrireducens_gene11593896 1.6253 2.1217 2.1465 2.2252 2.1365 1.4625 2.0694 1.7949 1.5642 1.4577 2.0740 2.3416 1.5696 1.8158 1.4529 1.3492 2.2306 3.0724 2.0834 1.6427 1.5273 1.7544 0.0000 1.7914 2.8902 2.3667 2.4604 2.2815 2.4604 2.3925 2.2035 2.1720 2.7368 2.0787 2.4604 1.7252 1.3116 2.8054 2.3925 2.1668 2.7754 1.9122 1.4577 2.6468 1.5018 1.3535 2.2932
CysRS_AF_Mito_Saccharomyces_cerevisiae_S288C_gene855474 2.0198 2.7181 2.1824 2.5646 2.0111 2.1316 1.2520 1.9769 2.0465 2.5725 2.3292 2.8792 2.0928 1.8517 2.0465 2.0740 2.7754 2.3292 2.5567 1.7413 2.5185 2.0740 1.7914 0.0000 2.6130 2.2643 2.9241 3.0461 2.3860 2.6641 4.0360 4.0669 2.7089 1.3795 2.7559 1.9280 2.7754 2.8363 3.1852 2.5966 2.8054 2.6641 1.9201 1.9440 2.1982 2.1617 2.9832
ArgRS_AF_Bact_Prochlorococcus_marinus_subsp_marinus_str_CCMP1375_gene54199571 2.3171 0.8931 1.4869 1.3492 2.4124 2.0375 2.6298 1.2144 2.0375 2.5805 2.5110 1.3642 2.3860 2.7368 2.2089 2.4057 1.2387 1.6785 1.0742 2.9241 3.3812 2.9955 2.8902 2.6130 0.0000 1.5018 0.8522 1.4673 1.3751 1.4293 1.5482 0.9468 0.2967 2.6214 1.2993 2.4191 2.4395 0.7870 1.8229 1.3599 1.0338 0.9951 2.6298 3.9761 2.3051 2.5036 1.1925
ArgRS_AF_Bact_Mycoplasma_hyopneumoniae_168-L_gene57100855 2.1316 1.6139 1.1747 1.5750 2.1316 2.4890 2.4258 1.2913 2.2362 2.2586 2.1217 1.1485 3.0995 2.5110 1.9939 2.6468 1.7157 1.9854 1.6196 2.5885 2.8792 3.3118 2.3667 2.2643 1.5018 0.0000 1.4968 1.6969 1.6969 1.4247 1.6969 1.6082 1.4434 2.3925 1.2675 2.3171 1.8929 1.8853 1.5351 1.1871 1.6311 1.8591 2.4604 2.9832 3.1273 2.6468 2.0067
ArgRS_AF_Bact_Escherichia_coli_O157:H7_str._Sakai_gene912519 2.9241 1.1197 1.3621 1.2144 2.5413 3.1273 3.7605 1.0585 2.1217 3.1558 2.3231 1.2144 2.1316 2.5336 2.7463 3.1133 1.2754 2.1516 1.0522 2.6130 2.4890 3.0461 2.4604 2.9241 0.8522 1.4968 0.0000 1.5535 1.2675 1.5273 1.7062 0.9980 0.8472 2.7463 1.1264 2.4191 2.3731 0.9692 1.5120 1.3621 1.1676 1.0338 2.7559 2.7754 3.1558 2.2143 1.3034
ArgRS_AF_Mito_Homo_sapiens_gene57038 2.5567 1.5860 1.8158 1.7812 3.2154 3.0995 3.1852 1.5750 2.3416 3.4944 2.7463 1.7349 2.1516 2.8902 3.1852 2.7559 1.1065 2.1217 1.7220 2.1929 2.6818 2.1720 2.2815 3.0461 1.4673 1.6969 1.5535 0.0000 1.4869 1.6139 1.3840 1.2913 1.6139 3.1273 1.7094 2.6468 2.3171 1.8444 2.2815 1.5970 1.5642 1.7611 3.4363 3.2625 6.3226 2.4464 1.8229
ArgRS_AF_Arch_Candidatus_Korarchaeum_cryptofilum_OPF8_gene6093502 2.2932 1.7812 1.4109 1.6664 2.4963 2.8683 2.5567 1.2675 2.9473 2.7953 2.6907 1.3116 3.9761 2.4057 3.0859 2.6298 1.5120 1.4968 1.7544 7.6844 3.3459 2.1720 2.4604 2.3860 1.3751 1.6969 1.2675 1.4869 0.0000 1.4795 2.1929 1.5018 1.3535 3.0332 0.7929 2.9241 2.3991 1.2833 1.4201 1.0967 1.2913 1.7949 2.9126 3.3459 3.0859 2.0375 1.9603
ArgRS_AF_Bact_Corynebacterium_ulcerans_809_gene75260071 3.4747 1.7094 0.9142 1.0461 3.4553 2.8156 2.3111 1.2520 1.9006 2.7368 2.1516 1.2913 2.6818 2.9014 2.9711 3.4553 1.2993 1.6604 1.5915 2.5725 3.3812 2.4057 2.3925 2.6641 1.4293 1.4247 1.5273 1.6139 1.4795 0.0000 1.7880 1.6369 1.6196 2.3478 1.1298 2.1316 1.9939 1.7000 1.3157 1.2181 1.4458 1.5456 2.3795 28.8054 2.2700 2.9591 1.8229
ArgRS_AF_Mito_Caenorhabditis_elegans_gene174023 2.1668 1.6545 1.8929 1.5642 2.5966 2.5185 3.1852 1.6253 2.0928 2.3991 3.5766 1.6604 2.2991 2.9126 2.1566 5.8119 1.4387 2.2815 1.7544 2.6818 3.0461 2.7656 2.2035 4.0360 1.5482 1.6969 1.7062 1.3840 2.1929 1.7880 0.0000 1.8088 1.6604 3.1273 1.8444 2.5490 2.3478 1.7880 1.7479 1.7094 1.7157 1.7949 2.4604 3.9188 3.0995 2.4258 2.1720
ArgRS_AF_Bact_Chlamydia_psittaci_6BC_gene12242456 2.2306 1.0585 2.0375 1.6196 2.9832 2.2035 2.4124 1.3281 2.3416 2.2815 2.7181 1.7220 2.4534 2.1168 1.9939 2.2089 1.4770 1.6938 1.0870 2.3540 2.9473 2.4890 2.1720 4.0669 0.9468 1.6082 0.9980 1.2913 1.5018 1.6369 1.8088 0.0000 0.9608 2.6298 1.4770 2.8363 3.0995 1.0902 1.6456 1.7284 1.2675 1.0647 2.9356 2.7656 2.1168 2.2473 1.2598
ArgRS_AF_Euk_Paulinella_chromatophora_gene6481434 2.4604 0.8750 1.5222 1.4869 2.7559 2.3416 2.6818 1.1925 2.3416 2.4464 2.5805 1.3578 2.6130 3.6200 2.1516 2.5036 1.3281 1.7062 1.0247 3.3118 4.9177 3.3459 2.7368 2.7089 0.2967 1.4434 0.8472 1.6139 1.3535 1.6196 1.6604 0.9608 0.0000 2.4464 1.2540 2.9014 3.1273 0.7077 1.7677 1.2813 1.0902 0.9678 2.7559 3.2466 2.7368 2.3925 1.3239
CysRS_AF_Euk_Homo_sapiens_gene833 2.0465 2.4057 2.0242 2.7656 2.0465 1.7413 0.6268 2.1365 1.6815 2.0976 2.3292 2.5185 2.0787 2.1824 1.9201 1.8853 2.7181 2.5260 2.1071 1.5145 2.6298 2.1415 2.0787 1.3795 2.6214 2.3925 2.7463 3.1273 3.0332 2.3478 3.1273 2.6298 2.4464 0.0000 2.0648 1.9161 2.2815 2.7559 2.2932 2.8054 2.3416 2.1720 1.9769 2.4327 2.6641 2.1617 3.2466
ArgRS_PDB_Arch_2ZUF 2.6214 1.4363 1.0838 1.2293 2.3171 2.4604 2.2700 1.0098 2.0067 3.5144 2.6729 1.0069 2.5110 2.5036 2.2252 2.1516 1.4041 1.5832 1.3708 2.5490 4.1638 2.4818 2.4604 2.7559 1.2993 1.2675 1.1264 1.7094 0.7929 1.1298 1.8444 1.4770 1.2540 2.0648 0.0000 2.4464 4.0669 1.3449 1.3492 1.1365 1.0999 1.6253 2.9473 3.1852 3.1133 2.6130 1.5069
CysRS_AF_Mito_Morone_saxatilis_gene118339815 1.4869 2.1415 2.5490 2.1365 2.3292 1.9939 1.7031 2.4191 0.6939 2.2815 2.0510 3.2787 1.7094 1.6969 2.0881 1.9360 3.4553 2.7754 2.6818 1.5723 1.8665 1.7577 1.7252 1.9280 2.4191 2.3171 2.4191 2.6468 2.9241 2.1316 2.5490 2.8363 2.9014 1.9161 2.4464 0.0000 2.1516 2.6130 2.6641 2.4464 2.6048 3.1273 1.7812 3.1852 1.4770 1.6139 3.7119
CysRS_AF_Bact_Bordetella_avium_197N_gene41394405 1.6754 2.9241 3.5144 2.1316 2.1120 1.7220 2.3731 2.3292 1.5750 1.3664 1.9280 2.3795 1.6196 1.2293 1.6545 1.9240 2.3171 2.7559 2.6641 2.0465 1.6196 1.6969 1.3116 2.7754 2.4395 1.8929 2.3731 2.3171 2.3991 1.9939 2.3478 3.0995 3.1273 2.2815 4.0669 2.1516 0.0000 3.0995 2.9014 3.8112 3.7605 3.7360 1.4869 2.9711 1.2368 0.8931 2.9955
ArgRS_AF_Euk_Thalassiosira_pseudonana_CCMP1335_gene7449555 2.7368 0.9304 1.7220 1.5273 2.3991 3.3812 2.7463 1.4577 2.2252 2.2932 2.5646 1.4293 2.3111 3.7119 2.6818 3.0859 1.2070 1.6311 1.1382 2.9356 2.8575 2.4464 2.8054 2.8363 0.7870 1.8853 0.9692 1.8444 1.2833 1.7000 1.7880 1.0902 0.7077 2.7559 1.3449 2.6130 3.0995 0.0000 1.8517 1.5222 1.1231 1.1537 2.7754 4.2322 3.0995 2.3795 1.3239
ArgRS_AF_Bact_Brachyspira_pilosicoli_95_1000_gene56439668 2.2252 1.7479 1.0173 1.2734 2.0740 3.0205 2.3540 1.6196 2.8792 2.5725 2.3231 1.4458 2.1516 2.2197 2.5805 2.1316 2.1316 1.7611 1.5696 2.6998 2.5646 2.5490 2.3925 3.1852 1.8229 1.5351 1.5120 2.2815 1.4201 1.3157 1.7479 1.6456 1.7677 2.2932 1.3492 2.6641 2.9014 1.8517 0.0000 1.5222 1.8665 1.6427 2.7656 3.0079 2.4746 2.3860 1.6907
ArgRS_AF_Arch_Candidatus_Nitrosopumilus_sediminis_gene13697696 1.8300 1.2893 1.1997 1.5535 2.8363 2.7181 2.8683 1.1065 2.5966 2.1217 2.1720 1.1365 2.8054 2.0602 2.4675 2.1415 1.3281 1.7778 1.6634 2.4327 5.5190 3.2787 2.1668 2.5966 1.3599 1.1871 1.3621 1.5970 1.0967 1.2181 1.7094 1.7284 1.2813 2.8054 1.1365 2.4464 3.8112 1.5222 1.5222 0.0000 1.2559 1.6724 2.5336 3.9188 3.5981 2.5185 1.7677
ArgRS_AF_Bact_Streptobacillus_moniliformis_DSM_12112_gene29674021 2.6298 1.1434 1.3664 1.5970 3.2951 3.0724 2.5110 1.3407 2.3603 2.9711 2.1120 1.3795 2.4395 2.2035 2.1824 2.2932 1.2598 1.7349 1.2368 3.2466 4.6730 3.7605 2.7754 2.8054 1.0338 1.6311 1.1676 1.5642 1.2913 1.4458 1.7157 1.2675 1.0902 2.3416 1.0999 2.6048 3.7605 1.1231 1.8665 1.2559 0.0000 1.3621 2.7559 2.1365 2.2143 3.4944 1.4064
ArgRS_AF_Euk_Polyodon_spathula_gene121324634 3.1414 0.9951 2.0648 1.5377 2.7953 2.6468 2.2035 1.6427 2.6130 2.4057 2.7559 1.5915 2.6998 2.6998 3.0205 4.0669 1.5482 1.8300 0.1865 2.6907 2.0648 3.0461 1.9122 2.6641 0.9951 1.8591 1.0338 1.7611 1.7949 1.5456 1.7949 1.0647 0.9678 2.1720 1.6253 3.1273 3.7360 1.1537 1.6427 1.6724 1.3621 0.0000 3.2951 3.0995 2.5490 2.3991 1.2368
CysRS_AF_Euk_Micromonas_commoda_gene8246535 1.4529 2.1720 2.5336 2.1516 3.6883 1.6369 2.0556 2.1415 1.5377 1.8158 1.3386 2.7953 1.9440 1.8665 1.8891 1.6815 2.9473 3.0724 3.2466 1.6082 1.6785 1.8591 1.4577 1.9201 2.6298 2.4604 2.7559 3.4363 2.9126 2.3795 2.4604 2.9356 2.7559 1.9769 2.9473 1.7812 1.4869 2.7754 2.7656 2.5336 2.7559 3.2951 0.0000 2.5885 1.7381 1.4387 3.0205
CysRS_AF_Bact_Mycoplasma_hyopneumoniae_168-L_gene57101512 2.0740 3.0332 4.0669 3.7605 2.2815 2.3171 2.9241 8.9438 3.5144 2.7181 3.2309 2.9473 3.7360 2.3540 3.4177 1.9686 3.4553 2.9711 3.0332 2.7368 3.1273 2.9241 2.6468 1.9440 3.9761 2.9832 2.7754 3.2625 3.3459 28.8054 3.9188 2.7656 3.2466 2.4327 3.1852 3.1852 2.9711 4.2322 3.0079 3.9188 2.1365 3.0995 2.5885 0.0000 2.1668 2.2815 2.7754
CysRS_AF_Arch_Methanospirillum_hungatei_JF-1_gene3922979 1.2636 2.7368 2.9591 2.3416 3.2787 1.3664 2.5646 2.0928 1.5509 1.2636 1.8480 3.3812 1.7479 1.6574 1.4201 1.5535 3.2787 2.8156 2.3171 2.0928 1.4968 1.3884 1.5018 2.1982 2.3051 3.1273 3.1558 6.3226 3.0859 2.2700 3.0995 2.1168 2.7368 2.6641 3.1133 1.4770 1.2368 3.0995 2.4746 3.5981 2.2143 2.5490 1.7381 2.1668 0.0000 1.0902 5.6611
CysRS_PDB_Bact_E_coli_1LI5 1.2873 3.0461 2.2197 2.1668 2.8792 1.4481 2.9126 2.0024 1.5430 1.0934 1.5562 2.9711 1.1997 0.9468 1.4819 1.2034 2.8792 3.8112 2.5413 1.5170 1.2520 1.2482 1.3535 2.1617 2.5036 2.6468 2.2143 2.4464 2.0375 2.9591 2.4258 2.2473 2.3925 2.1617 2.6130 1.6139 0.8931 2.3795 2.3860 2.5185 3.4944 2.3991 1.4387 2.2815 1.0902 0.0000 2.8575
ArgRS_AF_Vir_Megavirus_chiliensis_gene11257368 3.3459 1.3751 1.8517 1.8591 2.9014 2.7953 3.1852 1.6969 2.9711 2.7656 3.0724 1.7189 3.7360 3.7360 3.0205 3.3459 1.6139 2.1772 1.2482 2.6382 4.3791 2.9014 2.2932 2.9832 1.1925 2.0067 1.3034 1.8229 1.9603 1.8229 2.1720 1.2598 1.3239 3.2466 1.5069 3.7119 2.9955 1.3239 1.6907 1.7677 1.4064 1.2368 3.0205 2.7754 5.6611 2.8575 0.0000
