47
CysRS_AF_Bact_Streptobacillus_moniliformis_DSM_12112_gene29673427 0.0000 0.7305 0.6804 0.8022 0.3651 0.3293 0.3465 0.7352 0.3629 0.2691 0.4711 0.7492 0.2921 0.2697 0.5813 0.2928 0.7232 0.7516 0.5093 0.2699 0.4490 0.4110 0.4134 0.2714 0.6127 0.5831 0.6468 0.7309 0.7854 0.7324 0.8363 0.5708 0.5647 0.4653 0.7166 0.3545 0.4313 0.6286 0.5340 0.6479 0.7003 0.5721 0.4008 0.7641 0.3873 0.3206 0.5553
ArgRS_AF_Euk_Micromonas_commoda_gene8250062 0.7305 0.0000 0.2785 0.3004 0.6355 0.7004 0.4916 0.2249 0.7001 0.7069 0.5426 0.1974 0.8388 0.6561 0.7878 0.6308 0.2395 0.3257 0.1835 0.5765 0.7002 0.8791 0.6444 0.4307 0.1306 0.2535 0.1400 0.2030 0.2290 0.2585 0.2756 0.1181 0.1093 0.5201 0.2581 0.6803 0.7882 0.1806 0.2618 0.1806 0.1662 0.1722 0.5215 0.9547 0.8252 0.9133 0.1680
ArgRS_AF_Bact_Anoxybacillus_flavithermus_WK1_gene7039015 0.6804 0.2785 0.0000 0.1994 0.5895 0.7711 0.4861 0.3398 0.6764 0.7757 0.7421 0.2037 0.8605 0.6068 0.7738 0.6635 0.3503 0.3708 0.3687 0.6232 1.1738 0.8986 0.6519 0.5254 0.2822 0.1990 0.2912 0.3347 0.2607 0.1426 0.3305 0.2932 0.3122 0.5143 0.2373 0.8238 0.9427 0.3294 0.1595 0.2406 0.2034 0.3604 0.5779 0.9349 0.8970 0.7920 0.3322
ArgRS_AF_Bact_Cupriavidus_taiwanensis_LMG_19424_gene29762022 0.8022 0.3004 0.1994 0.0000 0.6317 0.8228 0.5310 0.3166 0.5480 0.7485 0.6758 0.2399 0.8809 0.5989 0.8369 0.8676 0.2641 0.3147 0.3013 0.8299 1.0711 0.9992 0.6350 0.5311 0.2779 0.2154 0.2613 0.2516 0.2205 0.1844 0.3262 0.2601 0.2456 0.6169 0.2880 0.6064 0.9815 0.2680 0.1944 0.1791 0.2480 0.2967 0.5922 0.9952 1.0090 0.9655 0.2669
CysRS_AF_Vir_Megavirus_chiliensis_gene11257271 0.3651 0.6355 0.5895 0.6317 0.0000 0.4072 0.1933 0.5505 0.3155 0.5001 0.5757 0.6248 0.5578 0.3351 0.7073 0.3896 0.7633 0.6590 0.6337 0.2695 0.4411 0.6183 0.3886 0.2657 0.6170 0.5716 0.6241 0.6993 0.7366 0.5620 0.6387 0.6278 0.6032 0.2180 0.6359 0.3074 0.5596 0.6178 0.5862 0.6811 0.6928 0.6911 0.4419 0.5394 0.4308 0.4644 0.6587
CysRS_AF_Arch_Aciduliprofundum_boonei_T469_gene8827372 0.3293 0.7004 0.7711 0.8228 0.4072 0.0000 0.3639 0.7259 0.3292 0.5044 0.4487 0.8256 0.4375 0.4130 0.4816 0.2207 0.6909 0.7588 0.7429 0.3769 0.4119 0.4695 0.3626 0.3737 0.6996 0.7357 0.6655 0.6579 0.7684 0.7676 0.6521 0.7622 0.6922 0.4009 0.7953 0.3242 0.4108 0.7136 0.8367 0.7610 0.7888 0.7443 0.4174 0.6437 0.3479 0.3859 0.7418
CysRS_AF_Euk_Drosophila_melanogaster_gene36784 0.3465 0.4916 0.4861 0.5310 0.1933 0.3639 0.0000 0.5578 0.2885 0.6816 0.4815 0.6063 0.4552 0.2595 0.5073 0.4572 0.6999 0.7722 0.5323 0.1797 0.3866 0.4115 0.4241 0.1286 0.4875 0.5301 0.5969 0.5876 0.7160 0.6124 0.5386 0.4962 0.4776 0.0713 0.5400 0.2195 0.5530 0.4997 0.5113 0.5927 0.5006 0.5012 0.4130 0.7660 0.3880 0.4465 0.5578
ArgRS_PDB_Bact_1IQ0 0.7352 0.2249 0.3398 0.3166 0.5505 0.7259 0.5578 0.0000 0.5738 0.7096 0.7457 0.2207 0.9340 0.6022 0.8003 0.8491 0.2559 0.3884 0.3617 0.5570 0.9706 1.0395 0.7369 0.4772 0.1968 0.3372 0.2229 0.2356 0.1869 0.3140 0.2735 0.2131 0.1986 0.5219 0.2000 0.5670 1.0163 0.2545 0.3561 0.1818 0.2313 0.3576 0.6081 0.9416 0.9066 0.8849 0.2741
CysRS_AF_Mito_Homo_sapiens_gene79587 0.3629 0.7001 0.6764 0.5480 0.3155 0.3292 0.2885 0.5738 0.0000 0.6907 0.3474 0.5587 0.5879 0.2602 0.4849 0.3402 0.6137 0.5698 0.5655 0.2657 0.4139 0.5206 0.3782 0.2687 0.5288 0.5177 0.5763 0.5548 0.6253 0.5931 0.6232 0.5814 0.5410 0.2466 0.6148 0.0640 0.4432 0.6436 0.6880 0.6850 0.6226 0.5652 0.3634 0.6015 0.3930 0.3499 0.5568
CysRS_AF_Bact_Porphyromonas_gingivalis_ATCC_33277_gene29256960 0.2691 0.7069 0.7757 0.7485 0.5001 0.5044 0.6816 0.7096 0.6907 0.0000 0.4180 0.8150 0.5158 0.4002 0.4928 0.3369 0.8440 0.8339 0.7314 0.5349 0.3372 0.5189 0.4075 0.3931 0.6491 0.6539 0.7389 0.6996 0.7571 0.7510 0.8749 0.7722 0.6430 0.5940 0.7072 0.4662 0.4199 0.7189 0.6245 0.7688 0.7242 0.7482 0.4367 0.5878 0.4164 0.3446 0.7634
CysRS_AF_Euk_Arabidopsis_thaliana_gene833874 0.4711 0.5426 0.7421 0.6758 0.5757 0.4487 0.4815 0.7457 0.3474 0.4180 0.0000 0.6334 0.6055 0.3252 0.5112 0.3370 0.5425 0.8160 0.6656 0.4683 0.4958 0.6168 0.4892 0.4251 0.5944 0.7761 0.6814 0.5241 0.7509 0.7423 0.5353 0.7564 0.5398 0.4330 0.6937 0.3782 0.4925 0.7367 0.7520 0.7461 0.5845 0.6394 0.3386 0.8131 0.6184 0.4861 0.7342
ArgRS_AF_Arch_Methanothermococcus_okinawensis_IH1_gene10773248 0.7492 0.1974 0.2037 0.2399 0.6248 0.8256 0.6063 0.2207 0.5587 0.8150 0.6334 0.0000 0.7513 0.7310 0.8156 0.6657 0.2918 0.3288 0.2915 0.5987 0.8215 1.0005 0.6916 0.4765 0.1851 0.2703 0.2057 0.2401 0.1772 0.2277 0.2799 0.2159 0.1873 0.4670 0.2166 0.5504 0.9527 0.2318 0.2388 0.1688 0.1968 0.2957 0.5322 0.9293 0.7590 0.8159 0.2534
CysRS_AF_Bact_Treponema_pallidum_subsp_pertenue_str_SamoaD_gene57878631 0.2921 0.8388 0.8605 0.8809 0.5578 0.4375 0.4552 0.9340 0.5879 0.5158 0.6055 0.7513 0.0000 0.4002 0.5717 0.5738 0.8572 0.8185 0.8490 0.4703 0.5053 0.4729 0.3977 0.5088 0.8628 0.9105 0.7675 0.7876 0.8970 0.8970 0.8887 0.8407 0.6873 0.4593 0.7685 0.4409 0.5893 0.7623 0.8136 0.7994 0.9028 0.8085 0.3771 0.6052 0.4070 0.4677 0.8363
CysRS_AF_Bact_Lactobacillus_amylovorus_GRL1118_gene66523130 0.2697 0.6561 0.6068 0.5989 0.3351 0.4130 0.2595 0.6022 0.2602 0.4002 0.3252 0.7310 0.4002 0.0000 0.4146 0.3544 0.8079 0.8597 0.5939 0.2796 0.5117 0.3556 0.3747 0.2985 0.5866 0.5900 0.5588 0.7143 0.6312 0.5499 0.6777 0.7043 0.5767 0.2838 0.7212 0.2387 0.4192 0.6221 0.5942 0.6386 0.8053 0.6252 0.2890 0.6208 0.4586 0.3703 0.6110
CysRS_AF_Bact_Prochlorococcus_marinus_subsp_marinus_str_CCMP1375_gene54200571 0.5813 0.7878 0.7738 0.8369 0.7073 0.4816 0.5073 0.8003 0.4849 0.4928 0.5112 0.8156 0.5717 0.4146 0.0000 0.4264 0.7912 0.8958 0.8166 0.4663 0.3513 0.5777 0.4569 0.5087 0.7314 0.7312 0.7665 0.6534 0.8636 0.8709 0.7731 0.8018 0.7445 0.4950 0.8644 0.5036 0.4628 0.7839 0.7113 0.6753 0.9181 0.7226 0.4880 0.6082 0.4513 0.3253 0.9468
CysRS_AF_Arch_Candidatus_Nitrosopumilus_sediminis_gene13696907 0.2928 0.6308 0.6635 0.8676 0.3896 0.2207 0.4572 0.8491 0.3402 0.3369 0.3370 0.6657 0.5738 0.3544 0.4264 0.0000 0.6985 0.8250 0.6585 0.3367 0.4574 0.4646 0.2960 0.3640 0.6451 0.6038 0.6385 0.6552 0.8308 0.8000 0.7476 0.6131 0.5668 0.4621 0.7189 0.2799 0.3961 0.7276 0.5985 0.6868 0.6677 0.6444 0.4275 0.5392 0.3590 0.3656 0.6442
ArgRS_PDB_Euk_S_cerevisiae_1BS2 0.7232 0.2395 0.3503 0.2641 0.7633 0.6909 0.6999 0.2559 0.6137 0.8440 0.5425 0.2918 0.8572 0.8079 0.7912 0.6985 0.0000 0.3615 0.2016 0.5984 1.0480 0.8265 0.9228 0.4931 0.1820 0.3171 0.1668 0.1447 0.2512 0.2754 0.2664 0.2253 0.2122 0.5861 0.2637 0.5113 0.8820 0.2252 0.2903 0.1914 0.2355 0.2047 0.6354 0.9913 0.8841 0.8108 0.2267
ArgRS_AF_Arch_Desulfurococcus_mucosus_DSM_2162_gene10153309 0.7516 0.3257 0.3708 0.3147 0.6590 0.7588 0.7722 0.3884 0.5698 0.8339 0.8160 0.3288 0.8185 0.8597 0.8958 0.8250 0.3615 0.0000 0.3725 0.6880 1.0569 0.9530 0.7410 0.5362 0.3182 0.3450 0.2637 0.3477 0.2684 0.3708 0.4036 0.3184 0.3133 0.6062 0.2985 0.5710 0.9143 0.3107 0.3370 0.3155 0.3459 0.3925 0.7138 1.2120 0.9815 0.7793 0.4300
ArgRS_AF_Euk_Homo_sapiens_gene5917 0.5093 0.1835 0.3687 0.3013 0.6337 0.7429 0.5323 0.3617 0.5655 0.7314 0.6656 0.2915 0.8490 0.5939 0.8166 0.6585 0.2016 0.3725 0.0000 0.6718 0.7220 0.8878 0.6647 0.5413 0.1533 0.2824 0.1589 0.2534 0.2990 0.3153 0.3419 0.2105 0.1927 0.4832 0.3427 0.5540 0.8086 0.1934 0.3365 0.2497 0.2543 0.0035 0.6030 0.9835 0.8257 0.8020 0.1480
CysRS_AF_Euk_Cyanidioschyzon_merolae_strain_10D_gene16993418 0.2699 0.5765 0.6232 0.8299 0.2695 0.3769 0.1797 0.5570 0.2657 0.5349 0.4683 0.5987 0.4703 0.2796 0.4663 0.3367 0.5984 0.6880 0.6718 0.0000 0.4204 0.4889 0.3363 0.2192 0.5394 0.5631 0.5998 0.7616 0.6745 0.5998 0.5554 0.6703 0.5875 0.1719 0.5865 0.2474 0.4631 0.8094 0.6566 0.6415 0.6679 0.7068 0.3164 0.8743 0.3862 0.3757 0.5831
CysRS_PDB_Bact_M_smegmatis_3C8Z 0.4490 0.7002 1.1738 1.0711 0.4411 0.4119 0.3866 0.9706 0.4139 0.3372 0.4958 0.8215 0.5053 0.5117 0.3513 0.4574 1.0480 1.0569 0.7220 0.4204 0.0000 0.4297 0.1983 0.3454 0.7918 0.8353 0.9187 0.8107 1.0164 0.9432 1.0861 0.8438 0.7848 0.3471 0.9079 0.3614 0.3699 0.7377 0.9179 0.8590 0.9139 0.8202 0.3579 0.5263 0.2932 0.1808 0.9294
CysRS_AF_Bact_Mycobacterium_canettii_CIPT_140010059_gene45427568 0.4110 0.8791 0.8986 0.9992 0.6183 0.4695 0.4115 1.0395 0.5206 0.5189 0.6168 1.0005 0.4729 0.3556 0.5777 0.4646 0.8265 0.9530 0.8878 0.4889 0.4297 0.0000 0.4630 0.4538 0.8035 0.9530 0.8913 0.7706 0.9847 1.0190 1.1005 0.9321 0.8586 0.5741 0.8966 0.4329 0.3751 0.6156 0.9609 0.8731 0.9685 0.8842 0.5072 0.6174 0.4530 0.4560 0.9443
CysRS_AF_Arch_Pyrobaculum_ferrireducens_gene11593896 0.4134 0.6444 0.6519 0.6350 0.3886 0.3626 0.4241 0.7369 0.3782 0.4075 0.4892 0.6916 0.3977 0.3747 0.4569 0.2960 0.9228 0.7410 0.6647 0.3363 0.1983 0.4630 0.0000 0.4270 0.7036 0.5874 0.6960 0.6570 0.7042 0.5893 0.6214 0.6355 0.6390 0.3955 0.6907 0.4196 0.3918 0.6114 0.5857 0.7110 0.6556 0.6794 0.4901 0.6090 0.2967 0.2648 0.6783
CysRS_AF_Mito_Saccharomyces_cerevisiae_S288C_gene855474 0.2714 0.4307 0.5254 0.5311 0.2657 0.3737 0.1286 0.4772 0.2687 0.3931 0.4251 0.4765 0.5088 0.2985 0.5087 0.3640 0.4931 0.5362 0.5413 0.2192 0.3454 0.4538 0.4270 0.0000 0.4615 0.5290 0.5428 0.5368 0.5244 0.5418 0.5896 0.6066 0.5212 0.1595 0.4967 0.2319 0.5118 0.4956 0.4928 0.5643 0.5676 0.4847 0.3046 0.6298 0.5485 0.3636 0.5475
ArgRS_AF_Bact_Prochlorococcus_marinus_subsp_marinus_str_CCMP1375_gene54199571 0.6127 0.1306 0.2822 0.2779 0.6170 0.6996 0.4875 0.1968 0.5288 0.6491 0.5944 0.1851 0.8628 0.5866 0.7314 0.6451 0.1820 0.3182 0.1533 0.5394 0.7918 0.8035 0.7036 0.4615 0.0000 0.2481 0.0839 0.1581 0.1948 0.2376 0.2262 0.1476 0.0577 0.4660 0.1999 0.5386 0.8019 0.1296 0.2627 0.1617 0.1546 0.1500 0.5373 0.9091 0.8035 0.7818 0.1626
ArgRS_AF_Bact_Mycoplasma_hyopneumoniae_168-L_gene57100855 0.5831 0.2535 0.1990 0.2154 0.5716 0.7357 0.5301 0.3372 0.5177 0.6539 0.7761 0.2703 0.9105 0.5900 0.7312 0.6038 0.3171 0.3450 0.2824 0.5631 0.8353 0.9530 0.5874 0.5290 0.2481 0.0000 0.2490 0.2672 0.2548 0.2019 0.3880 0.2530 0.2279 0.5054 0.2465 0.5226 0.8390 0.3057 0.1812 0.2672 0.2904 0.2894 0.5244 0.9098 0.8717 0.7631 0.3267
ArgRS_AF_Bact_Escherichia_coli_O157:H7_str._Sakai_gene912519 0.6468 0.1400 0.2912 0.2613 0.6241 0.6655 0.5969 0.2229 0.5763 0.7389 0.6814 0.2057 0.7675 0.5588 0.7665 0.6385 0.1668 0.2637 0.1589 0.5998 0.9187 0.8913 0.6960 0.5428 0.0839 0.2490 0.0000 0.2016 0.1932 0.2718 0.2666 0.1778 0.0889 0.4967 0.2094 0.5845 0.8112 0.1439 0.2797 0.1742 0.1696 0.1557 0.6132 0.9574 0.9017 0.9091 0.1485
ArgRS_AF_Mito_Homo_sapiens_gene57038 0.7309 0.2030 0.3347 0.2516 0.6993 0.6579 0.5876 0.2356 0.5548 0.6996 0.5241 0.2401 0.7876 0.7143 0.6534 0.6552 0.1447 0.3477 0.2534 0.7616 0.8107 0.7706 0.6570 0.5368 0.1581 0.2672 0.2016 0.0000 0.1791 0.2444 0.2380 0.2112 0.1657 0.5919 0.2481 0.5298 0.7956 0.2181 0.2708 0.1622 0.2272 0.2541 0.5801 0.9996 0.8330 0.9307 0.2127
ArgRS_AF_Arch_Candidatus_Korarchaeum_cryptofilum_OPF8_gene6093502 0.7854 0.2290 0.2607 0.2205 0.7366 0.7684 0.7160 0.1869 0.6253 0.7571 0.7509 0.1772 0.8970 0.6312 0.8636 0.8308 0.2512 0.2684 0.2990 0.6745 1.0164 0.9847 0.7042 0.5244 0.1948 0.2548 0.1932 0.1791 0.0000 0.2452 0.3167 0.2558 0.1869 0.5809 0.2164 0.6132 0.9649 0.2087 0.2876 0.1382 0.2146 0.2620 0.6583 0.9810 0.9061 0.8936 0.2427
ArgRS_AF_Bact_Corynebacterium_ulcerans_809_gene75260071 0.7324 0.2585 0.1426 0.1844 0.5620 0.7676 0.6124 0.3140 0.5931 0.7510 0.7423 0.2277 0.8970 0.5499 0.8709 0.8000 0.2754 0.3708 0.3153 0.5998 0.9432 1.0190 0.5893 0.5418 0.2376 0.2019 0.2718 0.2444 0.2452 0.0000 0.3278 0.2653 0.2871 0.5275 0.2934 0.5814 0.9080 0.2931 0.1742 0.1769 0.2191 0.3068 0.5957 0.9265 0.9065 0.7995 0.2541
ArgRS_AF_Mito_Caenorhabditis_elegans_gene174023 0.8363 0.2756 0.3305 0.3262 0.6387 0.6521 0.5386 0.2735 0.6232 0.8749 0.5353 0.2799 0.8887 0.6777 0.7731 0.7476 0.2664 0.4036 0.3419 0.5554 1.0861 1.1005 0.6214 0.5896 0.2262 0.3880 0.2666 0.2380 0.3167 0.3278 0.0000 0.2833 0.2240 0.6105 0.2736 0.5849 0.9641 0.3129 0.3349 0.2739 0.2566 0.3044 0.6296 1.0367 0.9271 1.1321 0.2694
ArgRS_AF_Bact_Chlamydia_psittaci_6BC_gene12242456 0.5708 0.1181 0.2932 0.2601 0.6278 0.7622 0.4962 0.2131 0.5814 0.7722 0.7564 0.2159 0.8407 0.7043 0.8018 0.6131 0.2253 0.3184 0.2105 0.6703 0.8438 0.9321 0.6355 0.6066 0.1476 0.2530 0.1778 0.2112 0.2558 0.2653 0.2833 0.0000 0.1463 0.6855 0.2708 0.6906 0.7878 0.1721 0.2645 0.1762 0.1953 0.1983 0.5410 1.0142 0.9297 0.8881 0.1979
ArgRS_AF_Euk_Paulinella_chromatophora_gene6481434 0.5647 0.1093 0.3122 0.2456 0.6032 0.6922 0.4776 0.1986 0.5410 0.6430 0.5398 0.1873 0.6873 0.5767 0.7445 0.5668 0.2122 0.3133 0.1927 0.5875 0.7848 0.8586 0.6390 0.5212 0.0577 0.2279 0.0889 0.1657 0.1869 0.2871 0.2240 0.1463 0.0000 0.4900 0.2131 0.5155 0.7522 0.1508 0.2487 0.1839 0.1629 0.1913 0.4881 0.9649 0.8010 0.9335 0.1497
CysRS_AF_Euk_Homo_sapiens_gene833 0.4653 0.5201 0.5143 0.6169 0.2180 0.4009 0.0713 0.5219 0.2466 0.5940 0.4330 0.4670 0.4593 0.2838 0.4950 0.4621 0.5861 0.6062 0.4832 0.1719 0.3471 0.5741 0.3955 0.1595 0.4660 0.5054 0.4967 0.5919 0.5809 0.5275 0.6105 0.6855 0.4900 0.0000 0.5266 0.2358 0.5610 0.5409 0.5061 0.5892 0.5902 0.4863 0.4135 0.9695 0.4912 0.4391 0.5174
ArgRS_PDB_Arch_2ZUF 0.7166 0.2581 0.2373 0.2880 0.6359 0.7953 0.5400 0.2000 0.6148 0.7072 0.6937 0.2166 0.7685 0.7212 0.8644 0.7189 0.2637 0.2985 0.3427 0.5865 0.9079 0.8966 0.6907 0.4967 0.1999 0.2465 0.2094 0.2481 0.2164 0.2934 0.2736 0.2708 0.2131 0.5266 0.0000 0.5933 0.9647 0.2782 0.2427 0.2052 0.2198 0.3368 0.5984 1.0245 0.8741 0.7611 0.2596
CysRS_AF_Mito_Morone_saxatilis_gene118339815 0.3545 0.6803 0.8238 0.6064 0.3074 0.3242 0.2195 0.5670 0.0640 0.4662 0.3782 0.5504 0.4409 0.2387 0.5036 0.2799 0.5113 0.5710 0.5540 0.2474 0.3614 0.4329 0.4196 0.2319 0.5386 0.5226 0.5845 0.5298 0.6132 0.5814 0.5849 0.6906 0.5155 0.2358 0.5933 0.0000 0.4066 0.5687 0.8114 0.6645 0.5635 0.7640 0.3286 0.5926 0.3866 0.3971 0.6888
CysRS_AF_Bact_Bordetella_avium_197N_gene41394405 0.4313 0.7882 0.9427 0.9815 0.5596 0.4108 0.5530 1.0163 0.4432 0.4199 0.4925 0.9527 0.5893 0.4192 0.4628 0.3961 0.8820 0.9143 0.8086 0.4631 0.3699 0.3751 0.3918 0.5118 0.8019 0.8390 0.8112 0.7956 0.9649 0.9080 0.9641 0.7878 0.7522 0.5610 0.9647 0.4066 0.0000 0.7232 0.9861 0.9366 0.8763 0.9241 0.4798 0.5715 0.3301 0.2882 0.8660
ArgRS_AF_Euk_Thalassiosira_pseudonana_CCMP1335_gene7449555 0.6286 0.1806 0.3294 0.2680 0.6178 0.7136 0.4997 0.2545 0.6436 0.7189 0.7367 0.2318 0.7623 0.6221 0.7839 0.7276 0.2252 0.3107 0.1934 0.8094 0.7377 0.6156 0.6114 0.4956 0.1296 0.3057 0.1439 0.2181 0.2087 0.2931 0.3129 0.1721 0.1508 0.5409 0.2782 0.5687 0.7232 0.0000 0.2730 0.2001 0.2155 0.1969 0.6116 0.9517 0.7698 0.8857 0.2198
ArgRS_AF_Bact_Brachyspira_pilosicoli_95_1000_gene56439668 0.5340 0.2618 0.1595 0.1944 0.5862 0.8367 0.5113 0.3561 0.6880 0.6245 0.7520 0.2388 0.8136 0.5942 0.7113 0.5985 0.2903 0.3370 0.3365 0.6566 0.9179 0.9609 0.5857 0.4928 0.2627 0.1812 0.2797 0.2708 0.2876 0.1742 0.3349 0.2645 0.2487 0.5061 0.2427 0.8114 0.9861 0.2730 0.0000 0.2422 0.2627 0.3376 0.6259 0.9912 0.8582 0.7213 0.2975
ArgRS_AF_Arch_Candidatus_Nitrosopumilus_sediminis_gene13697696 0.6479 0.1806 0.2406 0.1791 0.6811 0.7610 0.5927 0.1818 0.6850 0.7688 0.7461 0.1688 0.7994 0.6386 0.6753 0.6868 0.1914 0.3155 0.2497 0.6415 0.8590 0.8731 0.7110 0.5643 0.1617 0.2672 0.1742 0.1622 0.1382 0.1769 0.2739 0.1762 0.1839 0.5892 0.2052 0.6645 0.9366 0.2001 0.2422 0.0000 0.1790 0.2318 0.6846 1.0273 0.9536 0.8730 0.2143
ArgRS_AF_Bact_Streptobacillus_moniliformis_DSM_12112_gene29674021 0.7003 0.1662 0.2034 0.2480 0.6928 0.7888 0.5006 0.2313 0.6226 0.7242 0.5845 0.1968 0.9028 0.8053 0.9181 0.6677 0.2355 0.3459 0.2543 0.6679 0.9139 0.9685 0.6556 0.5676 0.1546 0.2904 0.1696 0.2272 0.2146 0.2191 0.2566 0.1953 0.1629 0.5902 0.2198 0.5635 0.8763 0.2155 0.2627 0.1790 0.0000 0.2494 0.5543 0.9910 1.0126 0.8993 0.1770
ArgRS_AF_Euk_Polyodon_spathula_gene121324634 0.5721 0.1722 0.3604 0.2967 0.6911 0.7443 0.5012 0.3576 0.5652 0.7482 0.6394 0.2957 0.8085 0.6252 0.7226 0.6444 0.2047 0.3925 0.0035 0.7068 0.8202 0.8842 0.6794 0.4847 0.1500 0.2894 0.1557 0.2541 0.2620 0.3068 0.3044 0.1983 0.1913 0.4863 0.3368 0.7640 0.9241 0.1969 0.3376 0.2318 0.2494 0.0000 0.6798 1.0041 0.8210 0.7859 0.1439
CysRS_AF_Euk_Micromonas_commoda_gene8246535 0.4008 0.5215 0.5779 0.5922 0.4419 0.4174 0.4130 0.6081 0.3634 0.4367 0.3386 0.5322 0.3771 0.2890 0.4880 0.4275 0.6354 0.7138 0.6030 0.3164 0.3579 0.5072 0.4901 0.3046 0.5373 0.5244 0.6132 0.5801 0.6583 0.5957 0.6296 0.5410 0.4881 0.4135 0.5984 0.3286 0.4798 0.6116 0.6259 0.6846 0.5543 0.6798 0.0000 0.8198 0.4451 0.3927 0.5812
CysRS_AF_Bact_Mycoplasma_hyopneumoniae_168-L_gene57101512 0.7641 0.9547 0.9349 0.9952 0.5394 0.6437 0.7660 0.9416 0.6015 0.5878 0.8131 0.9293 0.6052 0.6208 0.6082 0.5392 0.9913 1.2120 0.9835 0.8743 0.5263 0.6174 0.6090 0.6298 0.9091 0.9098 0.9574 0.9996 0.9810 0.9265 1.0367 1.0142 0.9649 0.9695 1.0245 0.5926 0.5715 0.9517 0.9912 1.0273 0.9910 1.0041 0.8198 0.0000 0.5039 0.4890 1.0500
CysRS_AF_Arch_Methanospirillum_hungatei_JF-1_gene3922979 0.3873 0.8252 0.8970 1.0090 0.4308 0.3479 0.3880 0.9066 0.3930 0.4164 0.6184 0.7590 0.4070 0.4586 0.4513 0.3590 0.8841 0.9815 0.8257 0.3862 0.2932 0.4530 0.2967 0.5485 0.8035 0.8717 0.9017 0.8330 0.9061 0.9065 0.9271 0.9297 0.8010 0.4912 0.8741 0.3866 0.3301 0.7698 0.8582 0.9536 1.0126 0.8210 0.4451 0.5039 0.0000 0.2933 0.9552
CysRS_PDB_Bact_E_coli_1LI5 0.3206 0.9133 0.7920 0.9655 0.4644 0.3859 0.4465 0.8849 0.3499 0.3446 0.4861 0.8159 0.4677 0.3703 0.3253 0.3656 0.8108 0.7793 0.8020 0.3757 0.1808 0.4560 0.2648 0.3636 0.7818 0.7631 0.9091 0.9307 0.8936 0.7995 1.1321 0.8881 0.9335 0.4391 0.7611 0.3971 0.2882 0.8857 0.7213 0.8730 0.8993 0.7859 0.3927 0.4890 0.2933 0.0000 0.8734
ArgRS_AF_Vir_Megavirus_chiliensis_gene11257368 0.5553 0.1680 0.3322 0.2669 0.6587 0.7418 0.5578 0.2741 0.5568 0.7634 0.7342 0.2534 0.8363 0.6110 0.9468 0.6442 0.2267 0.4300 0.1480 0.5831 0.9294 0.9443 0.6783 0.5475 0.1626 0.3267 0.1485 0.2127 0.2427 0.2541 0.2694 0.1979 0.1497 0.5174 0.2596 0.6888 0.8660 0.2198 0.2975 0.2143 0.1770 0.1439 0.5812 1.0500 0.9552 0.8734 0.0000
