47
0 0.0000 1.1230 1.5170 1.2754 1.3707 1.3707 1.4968 1.4293 1.7093 1.2330 1.6253 1.3534 1.2833 1.6784 1.7677 1.2597 1.7156 1.2793 2.2142 1.4673 1.9521 0.7651 1.2107 1.4481 2.6296 2.5488 2.7179 2.1823 2.3730 2.5335 2.3602 3.4173 2.9470 2.6466 2.4533 3.2463 2.6212 7.4165 2.6381 3.1270 2.6639 2.8681 3.1555 2.3539 2.4394 2.1928 2.4257
1 1.1230 0.0000 1.7610 1.1131 1.1606 1.5068 1.8017 1.2181 1.5696 1.3839 1.2107 1.4386 1.2181 1.5535 1.3973 1.3364 1.6663 1.5068 1.6968 1.6663 1.8299 1.1331 1.1065 1.4109 2.7951 2.1719 3.7114 2.9011 3.8107 2.1928 3.0992 3.6196 1.9895 2.2472 2.0197 2.5964 2.1364 2.4816 2.8900 2.7851 2.5109 2.6296 2.5644 2.6996 2.9238 4.0978 4.0662
2 1.5170 1.7610 0.0000 1.9279 1.9044 1.7156 1.6544 1.6663 1.7610 2.1315 1.9685 1.7348 1.7220 1.9239 1.8017 1.7511 1.8701 1.6368 2.2472 2.1719 2.1616 1.5777 1.6310 1.7948 2.9238 3.8367 2.9952 3.1849 3.1849 3.0330 2.6466 3.4743 3.1555 2.6906 3.2151 2.4816 3.0202 3.3631 2.5259 2.7366 3.3456 2.7654 2.9011 2.2034 2.5259 4.3032 3.0330
3 1.2754 1.1131 1.9279 0.0000 1.2793 1.4673 1.8122 1.3074 1.5144 1.2636 1.1782 1.4063 1.3751 1.6082 1.5804 1.4063 1.6195 1.4246 1.6907 1.7880 1.6724 1.0098 1.2255 1.6968 3.0722 2.7752 2.7654 2.4325 3.0722 2.6296 7.4165 2.9830 2.5803 2.3109 2.5184 3.7600 2.5184 3.5343 2.7951 3.1849 2.5488 2.3794 4.1970 3.6196 1.9769 3.5551 2.8573
4 1.3707 1.1606 1.9044 1.2793 0.0000 1.0292 1.9439 0.8497 0.8930 1.3364 1.1746 1.3884 1.3115 1.9685 1.5273 1.4154 2.0739 1.6485 1.8701 1.6845 1.7948 1.0277 1.1097 1.5221 2.7557 2.3924 2.9952 2.4745 3.7114 2.1414 3.2463 3.6196 2.8154 2.2034 2.8361 2.1616 2.2416 3.1555 2.3666 2.1928 2.4745 2.2814 2.6906 2.1022 2.4325 2.3539 4.0353
5 1.3707 1.5068 1.7156 1.4673 1.0292 0.0000 1.6693 1.2597 1.2597 1.4433 1.4968 1.6426 1.7811 1.6082 1.7220 1.6544 1.6845 1.7744 1.7125 2.1515 1.7380 1.2993 1.5970 1.9521 2.9124 2.0975 2.5964 2.5411 3.1130 2.2585 3.2784 2.5035 2.9470 2.4257 2.1875 2.5566 2.4673 2.9830 2.3990 2.6212 3.1849 2.7557 2.6996 3.2151 2.2472 2.6046 2.9011
6 1.4968 1.8017 1.6544 1.8122 1.9439 1.6693 0.0000 1.6138 1.6485 1.0277 1.6138 0.9608 1.2833 1.1746 1.0837 0.9749 1.1676 1.1197 1.8228 1.3322 1.3406 1.4339 1.4063 1.4528 2.1719 2.1719 2.0509 2.4463 2.8361 2.2642 2.0374 2.7557 2.3170 2.0285 2.5335 2.2642 2.4673 2.4190 2.3794 2.6996 2.8790 2.3666 2.9124 4.5399 2.9470 2.1414 2.6906
7 1.4293 1.2181 1.6663 1.3074 0.8497 1.2597 1.6138 0.0000 1.0113 1.4648 1.4018 1.3281 1.4745 1.5859 1.6937 1.5403 1.5429 1.6845 1.7811 1.5970 1.8553 1.0616 1.2255 1.2052 2.6816 3.0722 2.7366 2.7654 2.4673 2.9589 2.5035 11.6271 2.9124 3.1555 4.0353 2.6466 2.2305 2.9952 2.3477 2.5803 2.3170 1.9121 2.1216 2.7272 4.0978 3.0992 3.8107
8 1.7093 1.5696 1.7610 1.5144 0.8930 1.2597 1.6485 1.0113 0.0000 1.2482 1.5119 1.3197 1.5859 1.7156 1.5068 1.5068 1.5535 1.5859 1.6224 1.8228 1.9853 1.2181 1.2107 1.3599 3.0459 2.2528 2.8361 2.5184 2.2699 2.1823 2.5803 3.2948 2.4325 2.8154 2.7366 2.1464 2.2873 2.4190 3.0459 2.7179 2.1928 2.1928 2.1315 2.6296 3.1270 1.9980 2.6996
9 1.2330 1.3839 2.1315 1.2636 1.3364 1.4433 1.0277 1.4648 1.2482 0.0000 1.4481 0.8250 1.1197 1.0522 1.1746 0.8572 0.9980 0.9385 1.7348 1.5377 1.3322 1.0773 1.0647 1.1817 3.0992 2.8900 3.1270 2.2931 2.4325 2.4056 3.0722 2.8052 3.0459 2.4745 2.4745 1.9853 2.3666 2.6552 3.9183 3.2151 2.6296 2.1315 2.6046 2.8573 2.4463 2.4745 2.3990
10 1.6253 1.2107 1.9685 1.1782 1.1746 1.4968 1.6138 1.4018 1.5119 1.4481 0.0000 1.4576 1.6663 1.6195 1.6604 1.4246 1.8516 1.8157 1.7811 1.6968 1.8516 1.2368 1.2675 1.6724 2.6816 2.7951 2.7654 2.5644 1.9521 2.4463 4.7185 3.0459 2.4325 2.1216 2.3414 3.0459 2.0693 2.7366 2.3414 2.6466 2.4603 2.3539 2.4325 2.2990 2.4190 2.7654 2.4533
11 1.3534 1.4386 1.7348 1.4063 1.3884 1.6426 0.9608 1.3281 1.3197 0.8250 1.4576 0.0000 1.0584 1.1468 0.9303 0.3119 1.0522 0.8202 1.6195 1.4918 1.2033 1.2714 1.2714 1.1925 2.0739 2.4056 2.2873 2.6906 2.1565 2.5488 2.3414 3.7114 2.6296 2.2472 2.3109 2.1216 2.3050 2.9708 2.9708 2.6996 2.5964 2.0464 2.5335 2.6466 2.4190 2.5035 2.8681
12 1.2833 1.2181 1.7220 1.3751 1.3115 1.7811 1.2833 1.4745 1.5859 1.1197 1.6663 1.0584 0.0000 1.2199 1.2255 1.1331 1.3577 1.0869 1.7413 1.5535 1.4819 1.0999 1.3406 1.2406 2.7752 2.3794 2.2250 3.7355 3.0992 2.3414 3.1555 2.0555 2.9708 2.2142 2.7179 2.4603 2.1616 3.1555 2.4190 2.5184 2.7851 2.3924 2.6466 2.8154 2.9470 3.7114 3.1412
13 1.6784 1.5535 1.9239 1.6082 1.9685 1.6082 1.1746 1.5859 1.7156 1.0522 1.6195 1.1468 1.2199 0.0000 1.1536 1.0902 0.1963 1.1331 1.8157 1.7610 1.3239 1.3839 1.6426 1.5429 2.5035 3.4173 2.3230 2.1719 2.9589 2.6996 2.5109 2.8154 2.3050 2.6296 2.2585 2.6212 2.8154 2.4325 2.3477 2.3666 2.9470 2.1315 2.6996 2.5335 3.5762 2.5964 2.4533
14 1.7677 1.3973 1.8017 1.5804 1.5273 1.7220 1.0837 1.6937 1.5068 1.1746 1.6604 0.9303 1.2255 1.1536 0.0000 0.9142 1.0584 0.9551 1.7220 1.5403 1.4481 1.4819 1.6195 1.4770 2.4603 2.4463 2.5964 2.1414 2.9011 2.4056 2.2585 3.4743 2.2585 2.3730 2.3539 2.3291 1.9359 2.4056 2.1616 2.4603 2.1565 2.3170 2.4745 2.9011 2.9238 3.9183 2.7366
15 1.2597 1.3364 1.7511 1.4063 1.4154 1.6544 0.9749 1.5403 1.5068 0.8572 1.4246 0.3119 1.1331 1.0902 0.9142 0.0000 1.0308 0.7174 1.7348 1.5970 1.3491 1.1925 1.2255 1.2793 2.3730 2.4056 2.5964 2.9708 2.4603 3.1130 2.7557 2.5411 2.4889 2.2305 2.1667 2.2585 2.4463 3.5762 2.9238 2.4603 2.6816 2.3666 2.9238 2.7851 2.7179 2.2814 3.3631
16 1.7156 1.6663 1.8701 1.6195 2.0739 1.6845 1.1676 1.5429 1.5535 0.9980 1.8516 1.0522 1.3577 0.1963 1.0584 1.0308 0.0000 1.1536 1.8590 1.7845 1.2913 1.6138 1.5750 1.4868 2.5964 4.3783 2.8573 2.2699 3.0459 2.6296 2.6816 3.0722 2.5803 3.1270 2.8361 2.6296 2.7366 2.4190 2.4257 2.5035 2.9952 2.6296 3.1555 2.8790 3.3114 2.3924 2.2250
17 1.2793 1.5068 1.6368 1.4246 1.6485 1.7744 1.1197 1.6845 1.5859 0.9385 1.8157 0.8202 1.0869 1.1331 0.9551 0.7174 1.1536 0.0000 1.8157 1.7284 1.3839 1.2793 1.4528 1.1676 3.2948 2.9011 3.2784 2.3666 2.9589 3.5140 2.3414 4.4571 2.3291 2.5723 2.5644 2.1981 2.5184 4.0353 2.7951 2.7654 2.5803 2.4463 2.5644 2.9011 2.3924 2.4190 2.3170
18 2.2142 1.6968 2.2472 1.6907 1.8701 1.7125 1.8228 1.7811 1.6224 1.7348 1.7811 1.6195 1.7413 1.8157 1.7220 1.7348 1.8590 1.8157 0.0000 1.4246 2.2250 1.9044 1.6604 1.4339 2.4603 4.0353 2.9708 2.3291 2.6296 2.7557 3.1999 3.7355 2.5035 2.1315 2.2814 2.1875 2.9354 2.5335 3.4550 3.4550 2.4889 1.9279 2.3924 4.0353 3.4550 2.8154 3.0589
19 1.4673 1.6663 2.1719 1.7880 1.6845 2.1515 1.3322 1.5970 1.8228 1.5377 1.6968 1.4918 1.5535 1.7610 1.5403 1.5970 1.7845 1.7284 1.4246 0.0000 1.9121 1.6026 1.5273 1.0584 2.9708 2.6996 4.6269 3.1270 2.4533 3.5762 2.0647 4.2669 4.3032 3.1555 2.9470 2.1719 2.6552 2.4463 4.1970 3.0330 3.2784 2.4603 2.6639 3.0722 3.8367 2.3414 2.8466
20 1.9521 1.8299 2.1616 1.6724 1.7948 1.7380 1.3406 1.8553 1.9853 1.3322 1.8516 1.2033 1.4819 1.3239 1.4481 1.3491 1.2913 1.3839 2.2250 1.9121 0.0000 1.5750 1.7610 1.6663 2.8361 3.0330 6.9357 2.3924 3.1849 5.2569 3.2784 3.2784 2.7366 3.2948 3.7114 3.3631 3.1555 2.6727 3.7851 3.3809 3.0459 2.9952 3.4940 2.9830 2.7951 2.9830 3.1999
21 0.7651 1.1331 1.5777 1.0098 1.0277 1.2993 1.4339 1.0616 1.2181 1.0773 1.2368 1.2714 1.0999 1.3839 1.4819 1.1925 1.6138 1.2793 1.9044 1.6026 1.5750 0.0000 0.9692 1.2893 2.5488 2.0197 3.5762 3.1270 6.1401 2.5488 2.9708 2.6129 3.4173 2.5488 2.4745 2.5644 2.8257 2.6816 2.3539 2.5488 3.1555 2.0330 2.5803 3.5551 2.4056 2.6129 2.9470
22 1.2107 1.1065 1.6310 1.2255 1.1097 1.5970 1.4063 1.2255 1.2107 1.0647 1.2675 1.2714 1.3406 1.6426 1.6195 1.2255 1.5750 1.4528 1.6604 1.5273 1.7610 0.9692 0.0000 1.3534 3.2463 2.3291 2.6129 1.7031 2.2034 2.1119 3.0202 3.2463 1.9279 2.1515 1.9769 2.2196 2.3414 2.8257 2.3859 2.5964 2.0197 2.0197 2.5109 1.9769 2.7087 1.8590 2.4394
23 1.4481 1.4109 1.7948 1.6968 1.5221 1.9521 1.4528 1.2052 1.3599 1.1817 1.6724 1.1925 1.2406 1.5429 1.4770 1.2793 1.4868 1.1676 1.4339 1.0584 1.6663 1.2893 1.3534 0.0000 3.6878 2.7557 2.9830 2.7752 2.7366 3.3989 3.3631 4.6269 2.8154 2.1265 3.6878 2.1875 3.8107 2.9011 5.9702 3.1270 2.8361 3.0202 3.3114 2.6639 2.8573 3.0459 2.4056
24 2.6296 2.7951 2.9238 3.0722 2.7557 2.9124 2.1719 2.6816 3.0459 3.0992 2.6816 2.0739 2.7752 2.5035 2.4603 2.3730 2.5964 3.2948 2.4603 2.9708 2.8361 2.5488 3.2463 3.6878 0.0000 1.4819 1.4132 1.5970 1.6310 1.7348 1.9521 2.5803 1.8739 1.8228 1.5508 2.1928 1.9603 2.0023 2.1667 1.7677 1.5750 2.0464 1.9359 2.1216 2.4190 1.4246 1.7252
25 2.5488 2.1719 3.8367 2.7752 2.3924 2.0975 2.1719 3.0722 2.2528 2.8900 2.7951 2.4056 2.3794 3.4173 2.4463 2.4056 4.3783 2.9011 4.0353 2.6996 3.0330 2.0197 2.3291 2.7557 1.4819 0.0000 1.5170 1.5429 1.8299 1.3364 1.8371 1.8443 1.9938 1.6544 1.3928 1.5696 2.0285 1.7478 2.0739 2.0067 1.7220 2.0464 1.9279 2.1022 2.6381 1.2578 1.6138
26 2.7179 3.7114 2.9952 2.7654 2.9952 2.5964 2.0509 2.7366 2.8361 3.1270 2.7654 2.2873 2.2250 2.3230 2.5964 2.5964 2.8573 3.2784 2.9708 4.6269 6.9357 3.5762 2.6129 2.9830 1.4132 1.5170 0.0000 1.6138 1.2559 1.4868 1.5273 1.9521 1.4770 1.6663 1.2973 1.7948 1.9161 2.3924 2.7557 2.9011 1.9603 1.7744 1.8590 2.4056 3.8367 1.0742 1.5119
27 2.1823 2.9011 3.1849 2.4325 2.4745 2.5411 2.4463 2.7654 2.5184 2.2931 2.5644 2.6906 3.7355 2.1719 2.1414 2.9708 2.2699 2.3666 2.3291 3.1270 2.3924 3.1270 1.7031 2.7752 1.5970 1.5429 1.6138 0.0000 1.3115 1.8017 1.7478 3.0202 1.5068 1.5273 1.5914 1.6339 2.1315 1.6907 1.8407 2.0067 1.6082 1.4918 1.7948 1.9439 2.2990 1.3620 1.5429
28 2.3730 3.8107 3.1849 3.0722 3.7114 3.1130 2.8361 2.4673 2.2699 2.4325 1.9521 2.1565 3.0992 2.9589 2.9011 2.4603 3.0459 2.9589 2.6296 2.4533 3.1849 6.1401 2.2034 2.7366 1.6310 1.8299 1.2559 1.3115 0.0000 1.3115 1.6368 3.0992 1.4968 1.5377 1.6456 1.5588 1.6845 2.0374 2.3170 2.1928 1.5970 1.5859 2.0927 3.6196 2.0739 0.8826 1.8017
29 2.5335 2.1928 3.0330 2.6296 2.1414 2.2585 2.2642 2.9589 2.1823 2.4056 2.4463 2.5488 2.3414 2.6996 2.4056 3.1130 2.6296 3.5140 2.7557 3.5762 5.2569 2.5488 2.1119 3.3989 1.7348 1.3364 1.4868 1.8017 1.3115 0.0000 1.7188 2.3924 1.4770 2.0374 1.2953 1.6426 1.4528 1.6845 2.0110 2.2361 1.8739 1.7093 1.7744 1.8371 3.4173 0.9778 1.7062
30 2.3602 3.0992 2.6466 7.4165 3.2463 3.2784 2.0374 2.5035 2.5803 3.0722 4.7185 2.3414 3.1555 2.5109 2.2585 2.7557 2.6816 2.3414 3.1999 2.0647 3.2784 2.9708 3.0202 3.3631 1.9521 1.8371 1.5273 1.7478 1.6368 1.7188 0.0000 2.7951 1.6604 2.3539 2.0153 1.5482 1.9200 2.2361 2.1875 2.0285 1.7880 1.7188 1.8052 1.9853 2.7179 1.2539 1.4844
31 3.4173 3.6196 3.4743 2.9830 3.6196 2.5035 2.7557 11.6271 3.2948 2.8052 3.0459 3.7114 2.0555 2.8154 3.4743 2.5411 3.0722 4.4571 3.7355 4.2669 3.2784 2.6129 3.2463 4.6269 2.5803 1.8443 1.9521 3.0202 3.0992 2.3924 2.7951 0.0000 2.4603 3.5343 1.9480 3.8107 2.8257 2.6046 2.8790 3.3809 2.6466 3.3114 3.1849 2.0647 2.4673 2.2931 2.6996
32 2.9470 1.9895 3.1555 2.5803 2.8154 2.9470 2.3170 2.9124 2.4325 3.0459 2.4325 2.6296 2.9708 2.3050 2.2585 2.4889 2.5803 2.3291 2.5035 4.3032 2.7366 3.4173 1.9279 2.8154 1.8739 1.9938 1.4770 1.5068 1.4968 1.4770 1.6604 2.4603 0.0000 1.3664 1.5914 1.6368 1.6397 2.1771 2.2873 2.3291 1.7284 1.4673 2.2142 2.5964 2.7366 1.1502 1.4200
33 2.6466 2.2472 2.6906 2.3109 2.2034 2.4257 2.0285 3.1555 2.8154 2.4745 2.1216 2.2472 2.2142 2.6296 2.3730 2.2305 3.1270 2.5723 2.1315 3.1555 3.2948 2.5488 2.1515 2.1265 1.8228 1.6544 1.6663 1.5273 1.5377 2.0374 2.3539 3.5343 1.3664 0.0000 1.5429 1.9521 1.9121 2.0110 1.6544 1.8664 1.9359 2.0464 2.0241 2.0927 1.9121 1.5068 2.0110
34 2.4533 2.0197 3.2151 2.5184 2.8361 2.1875 2.5335 4.0353 2.7366 2.4745 2.3414 2.3109 2.7179 2.2585 2.3539 2.1667 2.8361 2.5644 2.2814 2.9470 3.7114 2.4745 1.9769 3.6878 1.5508 1.3928 1.2973 1.5914 1.6456 1.2953 2.0153 1.9480 1.5914 1.5429 0.0000 1.7811 1.8516 2.2361 2.0464 2.0330 1.4968 1.6310 1.5914 1.9895 1.6724 1.3620 1.8814
35 3.2463 2.5964 2.4816 3.7600 2.1616 2.5566 2.2642 2.6466 2.1464 1.9853 3.0459 2.1216 2.4603 2.6212 2.3291 2.2585 2.6296 2.1981 2.1875 2.1719 3.3631 2.5644 2.2196 2.1875 2.1928 1.5696 1.7948 1.6339 1.5588 1.6426 1.5482 3.8107 1.6368 1.9521 1.7811 0.0000 1.7125 1.9980 2.0739 2.1823 1.9279 1.6426 1.7677 2.1167 2.7087 1.2597 1.5859
36 2.6212 2.1364 3.0202 2.5184 2.2416 2.4673 2.4673 2.2305 2.2873 2.3666 2.0693 2.3050 2.1616 2.8154 1.9359 2.4463 2.7366 2.5184 2.9354 2.6552 3.1555 2.8257 2.3414 3.8107 1.9603 2.0285 1.9161 2.1315 1.6845 1.4528 1.9200 2.8257 1.6397 1.9121 1.8516 1.7125 0.0000 2.5964 2.7461 2.2472 1.2597 2.1315 2.0786 2.3230 2.7272 1.6026 1.9121
37 7.4165 2.4816 3.3631 3.5343 3.1555 2.9830 2.4190 2.9952 2.4190 2.6552 2.7366 2.9708 3.1555 2.4325 2.4056 3.5762 2.4190 4.0353 2.5335 2.4463 2.6727 2.6816 2.8257 2.9011 2.0023 1.7478 2.3924 1.6907 2.0374 1.6845 2.2361 2.6046 2.1771 2.0110 2.2361 1.9980 2.5964 0.0000 1.5377 1.5588 1.6724 1.8890 1.6224 1.7156 2.2814 1.5535 1.7031
38 2.6381 2.8900 2.5259 2.7951 2.3666 2.3990 2.3794 2.3477 3.0459 3.9183 2.3414 2.9708 2.4190 2.3477 2.1616 2.9238 2.4257 2.7951 3.4550 4.1970 3.7851 2.3539 2.3859 5.9702 2.1667 2.0739 2.7557 1.8407 2.3170 2.0110 2.1875 2.8790 2.2873 1.6544 2.0464 2.0739 2.7461 1.5377 0.0000 0.6506 2.0786 1.6310 1.6633 1.2833 2.3050 2.8361 2.3924
39 3.1270 2.7851 2.7366 3.1849 2.1928 2.6212 2.6996 2.5803 2.7179 3.2151 2.6466 2.6996 2.5184 2.3666 2.4603 2.4603 2.5035 2.7654 3.4550 3.0330 3.3809 2.5488 2.5964 3.1270 1.7677 2.0067 2.9011 2.0067 2.1928 2.2361 2.0285 3.3809 2.3291 1.8664 2.0330 2.1823 2.2472 1.5588 0.6506 0.0000 2.0880 1.6999 1.9044 1.4018 2.0833 2.0927 2.4889
40 2.6639 2.5109 3.3456 2.5488 2.4745 3.1849 2.8790 2.3170 2.1928 2.6296 2.4603 2.5964 2.7851 2.9470 2.1565 2.6816 2.9952 2.5803 2.4889 3.2784 3.0459 3.1555 2.0197 2.8361 1.5750 1.7220 1.9603 1.6082 1.5970 1.8739 1.7880 2.6466 1.7284 1.9359 1.4968 1.9279 1.2597 1.6724 2.0786 2.0880 0.0000 1.5750 1.7811 1.8852 3.6878 1.4993 1.5273
41 2.8681 2.6296 2.7654 2.3794 2.2814 2.7557 2.3666 1.9121 2.1928 2.1315 2.3539 2.0464 2.3924 2.1315 2.3170 2.3666 2.6296 2.4463 1.9279 2.4603 2.9952 2.0330 2.0197 3.0202 2.0464 2.0464 1.7744 1.4918 1.5859 1.7093 1.7188 3.3114 1.4673 2.0464 1.6310 1.6426 2.1315 1.8890 1.6310 1.6999 1.5750 0.0000 0.7109 1.9399 2.5488 1.6633 2.0067
42 3.1555 2.5644 2.9011 4.1970 2.6906 2.6996 2.9124 2.1216 2.1315 2.6046 2.4325 2.5335 2.6466 2.6996 2.4745 2.9238 3.1555 2.5644 2.3924 2.6639 3.4940 2.5803 2.5109 3.3114 1.9359 1.9279 1.8590 1.7948 2.0927 1.7744 1.8052 3.1849 2.2142 2.0241 1.5914 1.7677 2.0786 1.6224 1.6633 1.9044 1.7811 0.7109 0.0000 1.9279 2.2142 1.5696 1.9279
43 2.3539 2.6996 2.2034 3.6196 2.1022 3.2151 4.5399 2.7272 2.6296 2.8573 2.2990 2.6466 2.8154 2.5335 2.9011 2.7851 2.8790 2.9011 4.0353 3.0722 2.9830 3.5551 1.9769 2.6639 2.1216 2.1022 2.4056 1.9439 3.6196 1.8371 1.9853 2.0647 2.5964 2.0927 1.9895 2.1167 2.3230 1.7156 1.2833 1.4018 1.8852 1.9399 1.9279 0.0000 2.0110 2.2931 2.2361
44 2.4394 2.9238 2.5259 1.9769 2.4325 2.2472 2.9470 4.0978 3.1270 2.4463 2.4190 2.4190 2.9470 3.5762 2.9238 2.7179 3.3114 2.3924 3.4550 3.8367 2.7951 2.4056 2.7087 2.8573 2.4190 2.6381 3.8367 2.2990 2.0739 3.4173 2.7179 2.4673 2.7366 1.9121 1.6724 2.7087 2.7272 2.2814 2.3050 2.0833 3.6878 2.5488 2.2142 2.0110 0.0000 3.4940 2.6639
45 2.1928 4.0978 4.3032 3.5551 2.3539 2.6046 2.1414 3.0992 1.9980 2.4745 2.7654 2.5035 3.7114 2.5964 3.9183 2.2814 2.3924 2.4190 2.8154 2.3414 2.9830 2.6129 1.8590 3.0459 1.4246 1.2578 1.0742 1.3620 0.8826 0.9778 1.2539 2.2931 1.1502 1.5068 1.3620 1.2597 1.6026 1.5535 2.8361 2.0927 1.4993 1.6633 1.5696 2.2931 3.4940 0.0000 1.2349
46 2.4257 4.0662 3.0330 2.8573 4.0353 2.9011 2.6906 3.8107 2.6996 2.3990 2.4533 2.8681 3.1412 2.4533 2.7366 3.3631 2.2250 2.3170 3.0589 2.8466 3.1999 2.9470 2.4394 2.4056 1.7252 1.6138 1.5119 1.5429 1.8017 1.7062 1.4844 2.6996 1.4200 2.0110 1.8814 1.5859 1.9121 1.7031 2.3924 2.4889 1.5273 2.0067 1.9279 2.2361 2.6639 1.2349 0.0000
