47
ArgRS_PDB_Arch_2ZUF 0.0000 1.0040 2.5933 1.7575 2.3447 2.6673 1.7870 2.2917 1.6743 3.0390 1.6481 1.6481 1.7289 1.5737 0.9912 1.2543 3.1591 2.2917 2.4009 2.3447 3.2951 2.1486 2.8354 2.9319 3.8455 3.1591 2.8354 1.1430 1.3245 1.2211 1.3808 3.8455 2.9319 2.5933 2.1486 1.9153 2.0642 1.5737 1.3064 1.6226 3.0390 1.2543 1.4830 1.5979 1.0849 1.3616 1.6481
ArgRS_AF_Mito_Homo_sapiens_gene57038 1.0040 0.0000 2.1486 1.2887 2.1054 2.2415 1.6743 1.9868 1.4004 3.0390 1.5273 1.3808 1.5737 1.3245 0.8175 1.2887 2.7476 1.9153 2.1486 2.4009 2.6673 2.2415 2.5933 2.5933 2.5933 2.6673 2.5247 1.3064 1.5502 0.9537 1.0302 3.6320 2.8354 2.4608 2.1486 1.6481 2.1486 1.4830 1.0571 1.5273 3.4509 1.3245 1.2543 1.3429 0.8831 1.3245 1.2714
CysRS_AF_Arch_Aciduliprofundum_boonei_T469_gene8827372 2.5933 2.1486 0.0000 1.8815 1.9868 2.4608 2.0642 2.2415 2.1054 3.0390 2.7476 1.7870 2.5933 2.1486 2.0642 2.1939 2.2415 2.2415 1.9503 1.7575 2.3447 1.8489 2.1054 1.5049 2.8354 2.0247 2.2917 2.4009 2.6673 1.9153 1.9868 2.5247 2.3447 1.8174 1.7575 1.9868 1.7012 2.9319 1.9153 2.2415 4.1012 2.2917 2.4009 2.4009 2.1939 2.4009 1.9153
ArgRS_AF_Bact_Mycoplasma_hyopneumoniae_168-L_gene57100855 1.7575 1.2887 1.8815 0.0000 1.7289 1.8489 1.7012 2.3447 1.3808 2.6673 1.2376 0.9912 1.4408 1.2049 1.4830 1.5273 2.5247 1.6481 1.5979 2.7476 2.1939 1.9868 2.7476 2.2415 3.4509 2.5933 2.3447 1.5049 1.7575 1.1135 1.1581 2.5933 2.5247 2.6673 2.1054 1.7575 1.7870 1.5979 1.2049 1.2211 2.3447 1.7012 0.9177 1.4004 1.3808 1.6743 0.9660
CysRS_AF_Euk_Micromonas_commoda_gene8246535 2.3447 2.1054 1.9868 1.7289 0.0000 1.5049 2.0642 2.1054 1.7870 3.2951 1.8489 1.5502 2.0247 1.9503 2.3447 1.7289 2.3447 1.4617 1.5273 2.6673 2.5933 1.5979 2.5933 1.9153 2.5933 2.2917 2.1939 1.9153 1.7870 1.7012 1.8815 2.7476 3.2951 2.2917 1.7870 2.2415 1.8815 1.8174 1.6481 1.7289 2.3447 2.1486 1.8174 1.5502 2.1939 2.1939 1.5502
CysRS_AF_Bact_Prochlorococcus_marinus_subsp_marinus_str_CCMP1375_gene54200571 2.6673 2.2415 2.4608 1.8489 1.5049 0.0000 2.4608 2.5247 2.1054 2.3447 1.8174 2.0642 2.2415 2.0642 2.2415 2.0247 2.2917 1.4617 1.7870 2.9319 2.5247 1.8489 2.6673 2.0642 2.3447 2.4009 2.1939 2.3447 1.9503 1.9503 2.0642 2.0642 2.8354 2.3447 1.9503 2.5247 2.0642 1.8174 1.8489 1.9868 2.5933 2.3447 2.1486 1.7575 2.1054 2.2415 2.0247
CysRS_AF_Mito_Homo_sapiens_gene79587 1.7870 1.6743 2.0642 1.7012 2.0642 2.4608 0.0000 2.1054 1.9503 3.4509 2.1054 1.7575 2.1486 1.8174 1.5273 1.7289 2.3447 2.1939 1.9153 2.3447 2.2917 1.8815 2.5933 2.6673 2.9319 1.9868 2.2917 1.7289 1.7575 1.8489 1.7012 3.8455 4.1012 1.9868 2.0247 0.7661 1.8489 2.1486 1.7575 1.9868 2.4608 1.8815 1.8815 1.9868 1.6226 1.8174 1.7870
CysRS_AF_Arch_Candidatus_Nitrosopumilus_sediminis_gene13696907 2.2917 1.9868 2.2415 2.3447 2.1054 2.5247 2.1054 0.0000 2.2917 2.8354 2.4608 2.4009 2.6673 2.7476 2.0642 2.0247 2.4608 2.2917 2.2415 2.4608 2.6673 1.6743 2.2415 2.2917 2.5933 2.0642 2.5933 2.1054 2.1054 2.4608 2.4608 3.8455 2.5247 1.9503 1.6743 2.0642 2.1486 2.6673 2.5933 2.6673 3.8455 1.9868 2.0247 2.5247 2.0247 2.0247 2.3447
ArgRS_AF_Vir_Megavirus_chiliensis_gene11257368 1.6743 1.4004 2.1054 1.3808 1.7870 2.1054 1.9503 2.2917 0.0000 3.2951 1.5979 1.1891 1.2543 1.0435 1.4204 1.3245 2.5247 1.9503 2.0247 2.4608 2.7476 2.1054 2.9319 2.5933 2.4608 2.7476 2.6673 1.6226 1.8815 1.0990 1.2211 3.1591 3.4509 2.7476 1.9503 1.8489 1.9503 1.3245 1.1430 1.3064 1.9503 1.3064 1.5273 1.0435 1.3064 1.3616 1.3064
CysRS_AF_Bact_Mycoplasma_hyopneumoniae_168-L_gene57101512 3.0390 3.0390 3.0390 2.6673 3.2951 2.3447 3.4509 2.8354 3.2951 0.0000 2.4009 2.7476 2.9319 2.7476 2.4608 2.7476 3.0390 2.1486 2.4608 3.0390 2.4608 2.4009 3.8455 2.7476 2.7476 2.3447 2.8354 3.2951 2.9319 3.1591 3.8455 2.7476 2.5247 2.4608 2.4009 3.8455 2.5247 2.5933 2.6673 2.8354 4.4124 3.1591 2.6673 2.6673 2.8354 2.9319 2.6673
ArgRS_AF_Bact_Brachyspira_pilosicoli_95_1000_gene56439668 1.6481 1.5273 2.7476 1.2376 1.8489 1.8174 2.1054 2.4608 1.5979 2.4009 0.0000 1.4830 1.6481 1.3245 1.7289 1.5049 1.9153 2.1486 1.9503 3.0390 3.0390 1.9868 2.5933 2.1939 3.6320 1.9153 2.6673 1.4204 1.6226 1.4830 1.4830 3.1591 2.9319 2.8354 1.9503 2.1054 1.8815 1.3616 1.4408 1.2714 2.7476 1.8489 1.0849 1.6226 1.7012 1.8174 1.5502
ArgRS_AF_Euk_Micromonas_commoda_gene8250062 1.6481 1.3808 1.7870 0.9912 1.5502 2.0642 1.7575 2.4009 1.1891 2.7476 1.4830 0.0000 1.5737 1.3429 1.4830 1.2714 2.1939 1.8174 1.7289 2.6673 2.3447 1.8489 2.6673 2.2415 3.1591 2.3447 2.6673 1.5049 1.8174 1.1281 1.2543 2.8354 2.8354 2.4009 1.8174 1.8815 1.6743 1.2714 1.0990 1.3808 2.1486 1.3616 1.0709 1.0709 1.2543 1.4204 0.8175
ArgRS_PDB_Bact_1IQ0 1.7289 1.5737 2.5933 1.4408 2.0247 2.2415 2.1486 2.6673 1.2543 2.9319 1.6481 1.5737 0.0000 1.3245 1.6481 1.6226 2.4608 1.7870 2.1939 2.5933 2.6673 2.4608 3.4509 3.0390 2.7476 2.7476 3.1591 1.5273 1.7289 1.2211 1.2376 2.8354 3.1591 3.6320 2.2917 2.1486 2.2415 1.5502 1.3429 1.5273 1.8815 1.3808 1.7575 1.1734 1.5737 1.3064 1.6226
ArgRS_AF_Bact_Corynebacterium_ulcerans_809_gene75260071 1.5737 1.3245 2.1486 1.2049 1.9503 2.0642 1.8174 2.7476 1.0435 2.7476 1.3245 1.3429 1.3245 0.0000 1.2887 1.5979 2.5247 1.7289 2.2917 2.5247 2.8354 2.4009 3.4509 2.9319 3.1591 2.7476 2.6673 1.5737 1.7870 1.1891 1.0849 2.4009 2.7476 2.7476 2.2917 1.9153 2.3447 1.4617 1.1281 1.0849 1.8815 1.3616 1.2211 1.2714 1.4617 1.3808 1.3808
ArgRS_PDB_Euk_S_cerevisiae_1BS2 0.9912 0.8175 2.0642 1.4830 2.3447 2.2415 1.5273 2.0642 1.4204 2.4608 1.7289 1.4830 1.6481 1.2887 0.0000 1.2211 2.5933 2.0247 2.1939 2.4009 2.6673 2.1486 2.5933 2.6673 2.7476 2.5247 2.4608 1.2714 1.4408 1.0302 1.1135 3.0390 2.5933 2.1486 2.2917 1.5273 2.0642 1.4408 1.0709 1.6481 3.0390 1.1135 1.4617 1.4830 0.9177 1.1281 1.4408
ArgRS_AF_Bact_Escherichia_coli_O157:H7_str._Sakai_gene912519 1.2543 1.2887 2.1939 1.5273 1.7289 2.0247 1.7289 2.0247 1.3245 2.7476 1.5049 1.2714 1.6226 1.5979 1.2211 0.0000 2.3447 2.0642 2.2415 2.4608 2.3447 1.8489 2.3447 2.1939 2.5933 2.2415 2.4608 0.9061 1.0990 1.4004 1.5502 2.8354 3.1591 2.2917 1.8489 1.6743 1.9153 1.3064 1.4617 1.7012 3.0390 1.1430 1.4408 1.3429 1.0170 1.1281 1.3429
CysRS_AF_Bact_Treponema_pallidum_subsp_pertenue_str_SamoaD_gene57878631 3.1591 2.7476 2.2415 2.5247 2.3447 2.2917 2.3447 2.4608 2.5247 3.0390 1.9153 2.1939 2.4608 2.5247 2.5933 2.3447 0.0000 2.5247 2.0247 2.4009 2.8354 2.0642 2.6673 2.2917 1.9153 1.9153 2.2917 2.6673 2.0642 2.5933 2.5247 2.6673 3.2951 2.1939 1.8174 2.2917 1.8815 2.1939 2.1939 2.4009 5.9046 2.2917 2.4009 2.4608 2.7476 2.1939 2.7476
CysRS_AF_Euk_Arabidopsis_thaliana_gene833874 2.2917 1.9153 2.2415 1.6481 1.4617 1.4617 2.1939 2.2917 1.9503 2.1486 2.1486 1.8174 1.7870 1.7289 2.0247 2.0642 2.5247 0.0000 1.7289 3.1591 2.7476 2.0247 2.5933 2.1939 2.2917 2.5933 2.5933 2.3447 1.8815 1.6743 1.6743 2.5247 3.0390 2.6673 2.0642 2.2917 2.4009 2.0247 1.7012 1.7870 2.1486 2.4009 1.9868 1.5273 2.0642 2.4009 1.8174
CysRS_AF_Euk_Cyanidioschyzon_merolae_strain_10D_gene16993418 2.4009 2.1486 1.9503 1.5979 1.5273 1.7870 1.9153 2.2415 2.0247 2.4608 1.9503 1.7289 2.1939 2.2917 2.1939 2.2415 2.0247 1.7289 0.0000 2.4608 2.2415 1.7575 1.8174 1.6481 2.5247 1.8174 2.2917 2.0642 1.9868 1.7012 1.9868 2.5247 2.5933 2.1054 1.8489 1.9868 1.6226 2.0247 1.7289 1.9503 2.5247 2.5247 2.0247 1.7289 1.9503 2.5933 1.7870
CysRS_AF_Arch_Pyrobaculum_ferrireducens_gene11593896 2.3447 2.4009 1.7575 2.7476 2.6673 2.9319 2.3447 2.4608 2.4608 3.0390 3.0390 2.6673 2.5933 2.5247 2.4009 2.4608 2.4009 3.1591 2.4608 0.0000 3.0390 2.1486 3.0390 1.9153 3.0390 2.2917 2.6673 2.4009 2.5933 2.5933 2.6673 2.5933 2.4608 2.4009 1.9153 2.4009 2.0642 3.1591 2.7476 2.5933 7.7839 2.1939 2.2917 2.8354 2.4608 2.2415 2.9319
CysRS_AF_Bact_Mycobacterium_canettii_CIPT_140010059_gene45427568 3.2951 2.6673 2.3447 2.1939 2.5933 2.5247 2.2917 2.6673 2.7476 2.4608 3.0390 2.3447 2.6673 2.8354 2.6673 2.3447 2.8354 2.7476 2.2415 3.0390 0.0000 2.5247 2.8354 2.1939 2.1939 2.2415 3.1591 2.6673 3.2951 2.3447 2.2917 2.6673 2.6673 2.2917 2.6673 2.5247 2.1939 3.4509 2.5247 2.9319 7.7839 3.2951 2.4009 2.8354 2.6673 3.4509 2.4009
CysRS_AF_Euk_Drosophila_melanogaster_gene36784 2.1486 2.2415 1.8489 1.9868 1.5979 1.8489 1.8815 1.6743 2.1054 2.4009 1.9868 1.8489 2.4608 2.4009 2.1486 1.8489 2.0642 2.0247 1.7575 2.1486 2.5247 0.0000 2.4009 1.8174 2.5933 1.7289 1.9868 1.9153 1.8815 2.0642 2.1939 2.6673 2.1939 1.6481 1.0040 1.8815 1.2543 1.9153 2.0642 2.2415 3.0390 2.0247 2.1054 1.8489 2.1054 2.0247 1.9868
CysRS_AF_Bact_Porphyromonas_gingivalis_ATCC_33277_gene29256960 2.8354 2.5933 2.1054 2.7476 2.5933 2.6673 2.5933 2.2415 2.9319 3.8455 2.5933 2.6673 3.4509 3.4509 2.5933 2.3447 2.6673 2.5933 1.8174 3.0390 2.8354 2.4009 0.0000 1.8174 2.9319 1.9868 3.0390 2.7476 2.7476 2.5933 2.6673 2.9319 3.6320 2.2415 2.4009 2.6673 2.2917 3.0390 2.5247 3.0390 4.4124 2.6673 3.4509 2.9319 2.4009 2.8354 2.9319
CysRS_AF_Bact_Streptobacillus_moniliformis_DSM_12112_gene29673427 2.9319 2.5933 1.5049 2.2415 1.9153 2.0642 2.6673 2.2917 2.5933 2.7476 2.1939 2.2415 3.0390 2.9319 2.6673 2.1939 2.2917 2.1939 1.6481 1.9153 2.1939 1.8174 1.8174 0.0000 2.4009 1.7289 2.2917 2.5247 2.5933 2.1054 2.3447 2.5933 2.7476 1.9503 1.7012 2.7476 1.7012 2.5933 2.1939 2.4009 3.8455 2.6673 2.5933 2.2415 2.4009 2.9319 2.5247
CysRS_AF_Bact_Bordetella_avium_197N_gene41394405 3.8455 2.5933 2.8354 3.4509 2.5933 2.3447 2.9319 2.5933 2.4608 2.7476 3.6320 3.1591 2.7476 3.1591 2.7476 2.5933 1.9153 2.2917 2.5247 3.0390 2.1939 2.5933 2.9319 2.4009 0.0000 2.4009 2.8354 3.1591 2.8354 2.5933 2.7476 3.0390 3.2951 2.6673 2.7476 2.9319 2.7476 2.6673 2.5933 3.4509 3.6320 2.3447 3.4509 2.2415 2.4608 2.4009 3.8455
CysRS_AF_Bact_Lactobacillus_amylovorus_GRL1118_gene66523130 3.1591 2.6673 2.0247 2.5933 2.2917 2.4009 1.9868 2.0642 2.7476 2.3447 1.9153 2.3447 2.7476 2.7476 2.5247 2.2415 1.9153 2.5933 1.8174 2.2917 2.2415 1.7289 1.9868 1.7289 2.4009 0.0000 2.3447 2.6673 2.4009 2.5247 2.5933 2.9319 2.8354 1.9868 1.7012 1.9503 1.9153 2.0642 2.5247 2.1939 3.8455 2.5933 2.5247 2.2415 2.5933 2.5933 2.6673
CysRS_AF_Arch_Methanospirillum_hungatei_JF-1_gene3922979 2.8354 2.5247 2.2917 2.3447 2.1939 2.1939 2.2917 2.5933 2.6673 2.8354 2.6673 2.6673 3.1591 2.6673 2.4608 2.4608 2.2917 2.5933 2.2917 2.6673 3.1591 1.9868 3.0390 2.2917 2.8354 2.3447 0.0000 2.6673 2.3447 2.3447 2.3447 2.9319 2.8354 2.1486 2.0247 2.3447 2.0247 2.3447 2.3447 2.5247 4.7977 2.7476 2.8354 2.3447 2.6673 2.6673 2.4009
ArgRS_AF_Arch_Methanothermococcus_okinawensis_IH1_gene10773248 1.1430 1.3064 2.4009 1.5049 1.9153 2.3447 1.7289 2.1054 1.6226 3.2951 1.4204 1.5049 1.5273 1.5737 1.2714 0.9061 2.6673 2.3447 2.0642 2.4009 2.6673 1.9153 2.7476 2.5247 3.1591 2.6673 2.6673 0.0000 1.0849 1.4830 1.4204 3.1591 3.2951 2.5933 2.1939 1.7870 1.8815 1.4830 1.4004 1.5049 2.9319 1.2714 1.3064 1.5273 1.2211 1.3616 1.4830
ArgRS_AF_Arch_Desulfurococcus_mucosus_DSM_2162_gene10153309 1.3245 1.5502 2.6673 1.7575 1.7870 1.9503 1.7575 2.1054 1.8815 2.9319 1.6226 1.8174 1.7289 1.7870 1.4408 1.0990 2.0642 1.8815 1.9868 2.5933 3.2951 1.8815 2.7476 2.5933 2.8354 2.4009 2.3447 1.0849 0.0000 1.7575 1.8174 2.8354 3.0390 2.5933 1.7870 1.8815 2.2917 1.6481 1.7012 1.4408 2.5933 1.4617 1.4204 1.7012 1.5737 1.4617 1.5979
ArgRS_AF_Arch_Candidatus_Nitrosopumilus_sediminis_gene13697696 1.2211 0.9537 1.9153 1.1135 1.7012 1.9503 1.8489 2.4608 1.0990 3.1591 1.4830 1.1281 1.2211 1.1891 1.0302 1.4004 2.5933 1.6743 1.7012 2.5933 2.3447 2.0642 2.5933 2.1054 2.5933 2.5247 2.3447 1.4830 1.7575 0.0000 0.8607 2.6673 3.1591 2.5933 2.2917 1.8815 1.7870 1.4830 0.9061 1.2887 2.1486 1.5049 1.2887 1.1135 1.0302 1.4830 1.1891
ArgRS_AF_Arch_Candidatus_Korarchaeum_cryptofilum_OPF8_gene6093502 1.3808 1.0302 1.9868 1.1581 1.8815 2.0642 1.7012 2.4608 1.2211 3.8455 1.4830 1.2543 1.2376 1.0849 1.1135 1.5502 2.5247 1.6743 1.9868 2.6673 2.2917 2.1939 2.6673 2.3447 2.7476 2.5933 2.3447 1.4204 1.8174 0.8607 0.0000 3.1591 3.0390 2.7476 2.1486 1.7289 2.1054 1.5979 0.9296 1.2887 2.4009 1.7289 1.3808 1.2211 1.0571 1.7289 1.2887
CysRS_PDB_Bact_M_smegmatis_3C8Z 3.8455 3.6320 2.5247 2.5933 2.7476 2.0642 3.8455 3.8455 3.1591 2.7476 3.1591 2.8354 2.8354 2.4009 3.0390 2.8354 2.6673 2.5247 2.5247 2.5933 2.6673 2.6673 2.9319 2.5933 3.0390 2.9319 2.9319 3.1591 2.8354 2.6673 3.1591 0.0000 2.6673 2.5247 3.1591 4.1012 2.6673 3.1591 2.6673 3.1591 5.9046 3.0390 3.0390 2.8354 3.0390 3.0390 2.6673
CysRS_PDB_Bact_E_coli_1LI5 2.9319 2.8354 2.3447 2.5247 3.2951 2.8354 4.1012 2.5247 3.4509 2.5247 2.9319 2.8354 3.1591 2.7476 2.5933 3.1591 3.2951 3.0390 2.5933 2.4608 2.6673 2.1939 3.6320 2.7476 3.2951 2.8354 2.8354 3.2951 3.0390 3.1591 3.0390 2.6673 0.0000 2.2917 2.3447 4.4124 2.5247 2.9319 2.9319 2.8354 7.7839 2.7476 2.4608 2.9319 2.9319 2.5933 2.7476
CysRS_AF_Vir_Megavirus_chiliensis_gene11257271 2.5933 2.4608 1.8174 2.6673 2.2917 2.3447 1.9868 1.9503 2.7476 2.4608 2.8354 2.4009 3.6320 2.7476 2.1486 2.2917 2.1939 2.6673 2.1054 2.4009 2.2917 1.6481 2.2415 1.9503 2.6673 1.9868 2.1486 2.5933 2.5933 2.5933 2.7476 2.5247 2.2917 0.0000 1.8174 1.8815 1.9153 2.5933 2.2917 3.2951 6.7139 2.2415 2.4608 2.5247 2.2415 2.2917 2.4608
CysRS_AF_Mito_Saccharomyces_cerevisiae_S288C_gene855474 2.1486 2.1486 1.7575 2.1054 1.7870 1.9503 2.0247 1.6743 1.9503 2.4009 1.9503 1.8174 2.2917 2.2917 2.2917 1.8489 1.8174 2.0642 1.8489 1.9153 2.6673 1.0040 2.4009 1.7012 2.7476 1.7012 2.0247 2.1939 1.7870 2.2917 2.1486 3.1591 2.3447 1.8174 0.0000 2.0247 1.1891 1.7575 2.1939 2.2917 3.1591 2.1486 1.9503 1.9503 2.2917 2.2415 2.1054
CysRS_AF_Mito_Morone_saxatilis_gene118339815 1.9153 1.6481 1.9868 1.7575 2.2415 2.5247 0.7661 2.0642 1.8489 3.8455 2.1054 1.8815 2.1486 1.9153 1.5273 1.6743 2.2917 2.2917 1.9868 2.4009 2.5247 1.8815 2.6673 2.7476 2.9319 1.9503 2.3447 1.7870 1.8815 1.8815 1.7289 4.1012 4.4124 1.8815 2.0247 0.0000 1.7870 2.1939 1.7575 2.1486 2.7476 1.8815 2.0247 2.0642 1.5273 1.8174 1.8815
CysRS_AF_Euk_Homo_sapiens_gene833 2.0642 2.1486 1.7012 1.7870 1.8815 2.0642 1.8489 2.1486 1.9503 2.5247 1.8815 1.6743 2.2415 2.3447 2.0642 1.9153 1.8815 2.4009 1.6226 2.0642 2.1939 1.2543 2.2917 1.7012 2.7476 1.9153 2.0247 1.8815 2.2917 1.7870 2.1054 2.6673 2.5247 1.9153 1.1891 1.7870 0.0000 1.9868 1.7575 2.0642 2.9319 1.9868 1.9503 2.1486 1.8815 2.0247 1.9868
ArgRS_AF_Euk_Thalassiosira_pseudonana_CCMP1335_gene7449555 1.5737 1.4830 2.9319 1.5979 1.8174 1.8174 2.1486 2.6673 1.3245 2.5933 1.3616 1.2714 1.5502 1.4617 1.4408 1.3064 2.1939 2.0247 2.0247 3.1591 3.4509 1.9153 3.0390 2.5933 2.6673 2.0642 2.3447 1.4830 1.6481 1.4830 1.5979 3.1591 2.9319 2.5933 1.7575 2.1939 1.9868 0.0000 1.3616 1.3429 1.9503 1.2049 1.7012 0.9660 1.3245 1.2376 1.4204
ArgRS_AF_Bact_Streptobacillus_moniliformis_DSM_12112_gene29674021 1.3064 1.0571 1.9153 1.2049 1.6481 1.8489 1.7575 2.5933 1.1430 2.6673 1.4408 1.0990 1.3429 1.1281 1.0709 1.4617 2.1939 1.7012 1.7289 2.7476 2.5247 2.0642 2.5247 2.1939 2.5933 2.5247 2.3447 1.4004 1.7012 0.9061 0.9296 2.6673 2.9319 2.2917 2.1939 1.7575 1.7575 1.3616 0.0000 1.2714 2.1054 1.4617 1.3064 1.0849 1.0435 1.5049 1.1891
ArgRS_AF_Bact_Cupriavidus_taiwanensis_LMG_19424_gene29762022 1.6226 1.5273 2.2415 1.2211 1.7289 1.9868 1.9868 2.6673 1.3064 2.8354 1.2714 1.3808 1.5273 1.0849 1.6481 1.7012 2.4009 1.7870 1.9503 2.5933 2.9319 2.2415 3.0390 2.4009 3.4509 2.1939 2.5247 1.5049 1.4408 1.2887 1.2887 3.1591 2.8354 3.2951 2.2917 2.1486 2.0642 1.3429 1.2714 0.0000 1.7012 1.5979 1.1891 1.1430 1.7575 1.6481 1.3064
ArgRS_AF_Mito_Caenorhabditis_elegans_gene174023 3.0390 3.4509 4.1012 2.3447 2.3447 2.5933 2.4608 3.8455 1.9503 4.4124 2.7476 2.1486 1.8815 1.8815 3.0390 3.0390 5.9046 2.1486 2.5247 7.7839 7.7839 3.0390 4.4124 3.8455 3.6320 3.8455 4.7977 2.9319 2.5933 2.1486 2.4009 5.9046 7.7839 6.7139 3.1591 2.7476 2.9319 1.9503 2.1054 1.7012 0.0000 2.4608 2.7476 1.5979 3.6320 2.6673 2.2415
ArgRS_AF_Euk_Polyodon_spathula_gene121324634 1.2543 1.3245 2.2917 1.7012 2.1486 2.3447 1.8815 1.9868 1.3064 3.1591 1.8489 1.3616 1.3808 1.3616 1.1135 1.1430 2.2917 2.4009 2.5247 2.1939 3.2951 2.0247 2.6673 2.6673 2.3447 2.5933 2.7476 1.2714 1.4617 1.5049 1.7289 3.0390 2.7476 2.2415 2.1486 1.8815 1.9868 1.2049 1.4617 1.5979 2.4608 0.0000 1.5737 1.2376 1.1430 0.4619 1.5273
ArgRS_AF_Bact_Anoxybacillus_flavithermus_WK1_gene7039015 1.4830 1.2543 2.4009 0.9177 1.8174 2.1486 1.8815 2.0247 1.5273 2.6673 1.0849 1.0709 1.7575 1.2211 1.4617 1.4408 2.4009 1.9868 2.0247 2.2917 2.4009 2.1054 3.4509 2.5933 3.4509 2.5247 2.8354 1.3064 1.4204 1.2887 1.3808 3.0390 2.4608 2.4608 1.9503 2.0247 1.9503 1.7012 1.3064 1.1891 2.7476 1.5737 0.0000 1.5049 1.4617 1.5979 1.0849
ArgRS_AF_Euk_Paulinella_chromatophora_gene6481434 1.5979 1.3429 2.4009 1.4004 1.5502 1.7575 1.9868 2.5247 1.0435 2.6673 1.6226 1.0709 1.1734 1.2714 1.4830 1.3429 2.4608 1.5273 1.7289 2.8354 2.8354 1.8489 2.9319 2.2415 2.2415 2.2415 2.3447 1.5273 1.7012 1.1135 1.2211 2.8354 2.9319 2.5247 1.9503 2.0642 2.1486 0.9660 1.0849 1.1430 1.5979 1.2376 1.5049 0.0000 1.2543 1.3245 1.1734
ArgRS_AF_Bact_Prochlorococcus_marinus_subsp_marinus_str_CCMP1375_gene54199571 1.0849 0.8831 2.1939 1.3808 2.1939 2.1054 1.6226 2.0247 1.3064 2.8354 1.7012 1.2543 1.5737 1.4617 0.9177 1.0170 2.7476 2.0642 1.9503 2.4608 2.6673 2.1054 2.4009 2.4009 2.4608 2.5933 2.6673 1.2211 1.5737 1.0302 1.0571 3.0390 2.9319 2.2415 2.2917 1.5273 1.8815 1.3245 1.0435 1.7575 3.6320 1.1430 1.4617 1.2543 0.0000 1.1430 1.4617
ArgRS_AF_Euk_Homo_sapiens_gene5917 1.3616 1.3245 2.4009 1.6743 2.1939 2.2415 1.8174 2.0247 1.3616 2.9319 1.8174 1.4204 1.3064 1.3808 1.1281 1.1281 2.1939 2.4009 2.5933 2.2415 3.4509 2.0247 2.8354 2.9319 2.4009 2.5933 2.6673 1.3616 1.4617 1.4830 1.7289 3.0390 2.5933 2.2917 2.2415 1.8174 2.0247 1.2376 1.5049 1.6481 2.6673 0.4619 1.5979 1.3245 1.1430 0.0000 1.5273
ArgRS_AF_Bact_Chlamydia_psittaci_6BC_gene12242456 1.6481 1.2714 1.9153 0.9660 1.5502 2.0247 1.7870 2.3447 1.3064 2.6673 1.5502 0.8175 1.6226 1.3808 1.4408 1.3429 2.7476 1.8174 1.7870 2.9319 2.4009 1.9868 2.9319 2.5247 3.8455 2.6673 2.4009 1.4830 1.5979 1.1891 1.2887 2.6673 2.7476 2.4608 2.1054 1.8815 1.9868 1.4204 1.1891 1.3064 2.2415 1.5273 1.0849 1.1734 1.4617 1.5273 0.0000
