47
ArgRS_AF_Bact_Streptobacillus_moniliformis_DSM_12112_gene29674021 0.0000 0.5658 0.1246 0.1827 0.7050 0.1869 0.7169 0.1616 0.1245 0.8784 0.1178 0.1068 0.0729 0.0787 0.2230 0.6381 0.0947 1.1524 0.1208 0.0905 0.5474 0.6795 0.0787 0.4341 0.7931 0.1761 0.1106 0.0930 0.9286 0.1380 0.0886 0.3942 0.0718 0.9351 0.3987 0.3978 0.7963 0.5457 0.4887 1.2820 0.4697 0.1384 0.6161 0.7619 0.0927 1.0146 0.3060
CysRS_AF_Euk_Cyanidioschyzon_merolae_strain_10D_gene16993418 0.5658 0.0000 0.4790 0.5262 0.1045 0.6309 0.2116 0.6808 0.6399 0.5019 0.6775 0.5064 0.4192 0.4084 0.4783 0.3686 0.5956 0.3818 0.5538 0.6146 0.1971 0.4376 0.5677 0.3589 0.1359 0.6505 0.5485 0.4159 0.4046 0.4340 0.4195 0.2172 0.3654 0.2548 0.3521 0.4781 0.1412 0.2614 0.1921 0.3536 0.1163 0.3659 0.1661 0.2064 0.6525 0.3815 0.8629
ArgRS_AF_Bact_Brachyspira_pilosicoli_95_1000_gene56439668 0.1246 0.4790 0.0000 0.2340 0.6186 0.2853 0.4717 0.1512 0.1480 0.6207 0.2381 0.3374 0.1218 0.1611 0.0926 0.6972 0.1427 1.1727 0.1464 0.1337 0.5003 0.8454 0.0710 0.7023 0.4108 0.2362 0.1454 0.1094 0.7918 0.3526 0.1826 0.4653 0.1687 0.6960 0.6856 0.8532 0.5462 0.6621 0.5204 1.3595 0.3567 0.2998 0.6142 0.5881 0.1303 0.6751 0.4476
ArgRS_AF_Euk_Homo_sapiens_gene5917 0.1827 0.5262 0.2340 0.0000 0.5204 0.1172 0.7143 0.2130 0.1635 0.6656 0.1968 0.0609 0.1512 0.0934 0.1536 0.5865 0.0864 1.1114 0.1237 0.1987 0.3872 0.6276 0.3787 0.5704 0.5994 0.0028 0.0919 0.2146 0.8305 0.2534 0.0827 0.4497 0.0714 0.6133 0.6165 0.7798 0.5312 0.4507 0.4810 0.8259 0.6565 0.1522 0.6042 0.6332 0.1984 1.1308 0.2331
CysRS_AF_Euk_Homo_sapiens_gene833 0.7050 0.1045 0.6186 0.5204 0.0000 0.5784 0.3472 0.7487 0.5524 0.5068 0.4519 0.4498 0.6375 0.4328 0.4486 0.3655 0.6394 0.5182 0.7245 0.5490 0.1984 0.6220 0.7044 0.4126 0.1187 0.7315 0.7671 0.6589 0.4873 0.5453 0.6398 0.2944 0.5275 0.2476 0.3897 0.4863 0.1349 0.2513 0.2480 0.4647 0.0557 0.6658 0.0970 0.2940 0.7126 0.3781 0.9060
ArgRS_PDB_Euk_S_cerevisiae_1BS2 0.1869 0.6309 0.2853 0.1172 0.5784 0.0000 0.3510 0.1805 0.1116 0.8246 0.1463 0.1475 0.0977 0.0976 0.2449 0.5579 0.2069 0.7561 0.0906 0.1135 0.3403 0.6870 0.3002 0.5822 0.7237 0.1261 0.1255 0.2384 0.7952 0.1606 0.1716 0.4798 0.0646 0.5916 0.4039 0.4511 0.6906 0.4949 0.5092 0.7665 0.6670 0.1240 0.5022 0.6376 0.1850 0.6793 0.1761
CysRS_AF_Arch_Candidatus_Nitrosopumilus_sediminis_gene13696907 0.7169 0.2116 0.4717 0.7143 0.3472 0.3510 0.0000 0.6154 0.8770 0.3766 0.9795 1.2097 0.4590 0.5733 0.8244 0.3238 0.3863 0.3738 0.7257 0.6839 0.1857 0.4703 0.5806 0.2628 0.1710 0.4945 0.5313 1.0422 0.4525 0.8941 0.7690 0.1717 0.7593 0.1474 0.2102 0.5133 0.2438 0.2947 0.2564 0.3904 0.2856 0.4972 0.2944 0.2708 0.5344 0.3078 0.5193
ArgRS_AF_Bact_Cupriavidus_taiwanensis_LMG_19424_gene29762022 0.1616 0.6808 0.1512 0.2130 0.7487 0.1805 0.6154 0.0000 0.0864 0.5918 0.3023 0.2015 0.1011 0.1113 0.1326 0.7299 0.1292 1.2499 0.0699 0.1791 0.4898 0.6289 0.1669 0.8043 0.5998 0.2141 0.1024 0.1376 0.7825 0.2738 0.1468 0.4177 0.2202 0.5877 0.4859 0.9071 0.6677 0.5281 0.4748 0.8026 0.5033 0.1869 0.7443 0.5635 0.1726 0.3500 0.1812
ArgRS_AF_Arch_Candidatus_Korarchaeum_cryptofilum_OPF8_gene6093502 0.1245 0.6399 0.1480 0.1635 0.5524 0.1116 0.8770 0.0864 0.0000 0.7013 0.1414 0.1821 0.0607 0.1390 0.1802 0.5848 0.1348 0.8138 0.0439 0.1514 0.4877 0.5413 0.1357 0.6293 0.6636 0.1594 0.1196 0.1124 0.7411 0.1007 0.0977 0.4391 0.1079 0.8711 0.5931 0.9894 0.5680 0.5160 0.5035 1.1481 0.5416 0.1760 0.4880 0.6992 0.0712 1.1410 0.1487
CysRS_AF_Bact_Porphyromonas_gingivalis_ATCC_33277_gene29256960 0.8784 0.5019 0.6207 0.6656 0.5068 0.8246 0.3766 0.5918 0.7013 0.0000 0.6481 0.6017 0.7815 0.6373 0.7106 0.2760 0.7787 0.2881 0.6692 0.6210 0.3130 0.5175 0.7079 0.3147 0.4987 0.6518 0.7823 0.6520 0.4558 0.7408 0.8510 0.2643 0.7553 0.3123 0.3539 0.4291 0.4140 0.2564 0.5209 0.2467 0.5825 0.8325 0.4198 0.2528 0.9105 0.2992 0.2807
ArgRS_AF_Euk_Thalassiosira_pseudonana_CCMP1335_gene7449555 0.1178 0.6775 0.2381 0.1968 0.4519 0.1463 0.9795 0.3023 0.1414 0.6481 0.0000 0.1630 0.1286 0.1012 0.2426 0.8447 0.1004 1.1212 0.1161 0.2128 0.5417 0.7779 0.2379 1.1209 0.6412 0.1860 0.0591 0.2790 0.9688 0.2032 0.0779 0.4735 0.0765 0.7431 0.5636 0.6577 0.5007 0.4925 0.6307 0.9375 0.4313 0.2528 0.3550 0.5835 0.1563 1.0217 0.2279
ArgRS_AF_Vir_Megavirus_chiliensis_gene11257368 0.1068 0.5064 0.3374 0.0609 0.4498 0.1475 1.2097 0.2015 0.1821 0.6017 0.1630 0.0000 0.1341 0.0989 0.2767 1.0898 0.1345 0.8282 0.1775 0.1789 0.3959 0.4448 0.1960 1.3483 0.5820 0.0612 0.0826 0.2750 1.0926 0.2622 0.0715 0.3835 0.0881 0.6025 0.3733 0.5982 0.5264 0.4899 0.4064 1.2841 0.5236 0.1431 0.4614 0.5816 0.1927 0.7704 0.3817
ArgRS_AF_Mito_Homo_sapiens_gene57038 0.0729 0.4192 0.1218 0.1512 0.6375 0.0977 0.4590 0.1011 0.0607 0.7815 0.1286 0.1341 0.0000 0.1012 0.1766 0.3796 0.1060 0.6945 0.0616 0.1194 0.4398 0.7206 0.1289 0.5868 0.6493 0.1560 0.1092 0.0910 0.6196 0.1277 0.0865 0.3151 0.0821 0.5650 0.6140 0.9789 0.6340 0.6208 0.4133 0.9045 0.5523 0.1140 0.4676 0.7902 0.1035 0.6365 0.1829
ArgRS_AF_Bact_Escherichia_coli_O157:H7_str._Sakai_gene912519 0.0787 0.4084 0.1611 0.0934 0.4328 0.0976 0.5733 0.1113 0.1390 0.6373 0.1012 0.0989 0.1012 0.0000 0.1282 0.5685 0.0876 1.1326 0.0789 0.1203 0.3504 0.8604 0.2215 0.7703 0.4991 0.0813 0.0782 0.1780 0.7457 0.1248 0.0343 0.4811 0.0431 0.8797 0.5159 0.6084 0.4935 0.4890 0.3323 1.2196 0.4618 0.1294 0.4199 0.5540 0.1160 0.6222 0.1930
ArgRS_AF_Bact_Mycoplasma_hyopneumoniae_168-L_gene57100855 0.2230 0.4783 0.0926 0.1536 0.4486 0.2449 0.8244 0.1326 0.1802 0.7106 0.2426 0.2767 0.1766 0.1282 0.0000 0.8089 0.1841 1.2494 0.1261 0.1390 0.3756 0.9213 0.1001 1.0319 0.3648 0.1532 0.1936 0.1075 0.8531 0.3276 0.1759 0.4041 0.1063 0.7773 0.8528 0.9033 0.6193 0.4383 0.4215 1.0456 0.4616 0.3521 0.4927 0.6513 0.1476 1.0082 0.2651
CysRS_PDB_Bact_M_smegmatis_3C8Z 0.6381 0.3686 0.6972 0.5865 0.3655 0.5579 0.3238 0.7299 0.5848 0.2760 0.8447 1.0898 0.3796 0.5685 0.8089 0.0000 0.5205 0.4270 0.9849 0.9391 0.2371 0.3253 0.5613 0.1952 0.3563 0.4759 1.0256 0.6059 0.3643 0.8742 0.5406 0.3708 0.8091 0.3469 0.4139 0.4235 0.3399 0.2051 0.2566 0.3114 0.3767 0.5925 0.4239 0.3149 0.3880 0.1694 0.4984
ArgRS_AF_Euk_Micromonas_commoda_gene8250062 0.0947 0.5956 0.1427 0.0864 0.6394 0.2069 0.3863 0.1292 0.1348 0.7787 0.1004 0.1345 0.1060 0.0876 0.1841 0.5205 0.0000 1.1145 0.1303 0.0867 0.4518 0.6449 0.1625 0.9241 0.7331 0.0882 0.0789 0.1460 0.7205 0.1806 0.0504 0.3217 0.0740 0.5287 0.4844 0.8800 0.5518 0.4433 0.5392 1.0375 0.5293 0.0830 0.3628 0.5932 0.0882 0.6327 0.1984
CysRS_AF_Bact_Mycobacterium_canettii_CIPT_140010059_gene45427568 1.1524 0.3818 1.1727 1.1114 0.5182 0.7561 0.3738 1.2499 0.8138 0.2881 1.1212 0.8282 0.6945 1.1326 1.2494 0.4270 1.1145 0.0000 1.3107 1.3863 0.3630 0.4054 1.1722 0.3355 0.2830 1.1063 1.1868 0.7036 0.4848 1.1385 1.1793 0.5292 1.1819 0.3493 0.5854 0.4286 0.9569 0.4427 0.3534 0.2058 0.3575 0.6468 0.5118 0.3540 1.2124 0.3744 0.2565
ArgRS_AF_Arch_Candidatus_Nitrosopumilus_sediminis_gene13697696 0.1208 0.5538 0.1464 0.1237 0.7245 0.0906 0.7257 0.0699 0.0439 0.6692 0.1161 0.1775 0.0616 0.0789 0.1261 0.9849 0.1303 1.3107 0.0000 0.0865 0.5324 0.7846 0.1830 1.1850 0.6960 0.1306 0.0674 0.0964 0.6779 0.1364 0.0830 0.4285 0.0769 0.6274 0.4742 0.7811 0.5475 0.6872 0.4919 1.3038 0.6223 0.1562 0.7567 0.6051 0.0883 1.0443 0.1597
ArgRS_PDB_Arch_2ZUF 0.0905 0.6146 0.1337 0.1987 0.5490 0.1135 0.6839 0.1791 0.1514 0.6210 0.2128 0.1789 0.1194 0.1203 0.1390 0.9391 0.0867 1.3863 0.0865 0.0000 0.4014 1.1095 0.1247 0.3285 0.6879 0.2080 0.1527 0.1585 0.9496 0.1513 0.0867 0.3309 0.0704 0.6656 0.5343 1.0270 0.6448 0.5609 0.4350 0.9521 0.4670 0.1659 0.5480 0.6820 0.1063 0.3408 0.2460
CysRS_AF_Mito_Morone_saxatilis_gene118339815 0.5474 0.1971 0.5003 0.3872 0.1984 0.3403 0.1857 0.4898 0.4877 0.3130 0.5417 0.3959 0.4398 0.3504 0.3756 0.2371 0.4518 0.3630 0.5324 0.4014 0.0000 0.5417 0.5657 0.3649 0.1353 0.5762 0.5098 0.5150 0.4195 0.4187 0.3115 0.1904 0.3882 0.2531 0.3046 0.4130 0.2534 0.2304 0.0213 0.3269 0.2397 0.5349 0.2045 0.1873 0.5025 0.3789 0.6684
CysRS_AF_Bact_Mycoplasma_hyopneumoniae_168-L_gene57101512 0.6795 0.4376 0.8454 0.6276 0.6220 0.6870 0.4703 0.6289 0.5413 0.5175 0.7779 0.4448 0.7206 0.8604 0.9213 0.3253 0.6449 0.4054 0.7846 1.1095 0.5417 0.0000 0.9867 0.2373 0.8992 0.7134 0.9294 0.7066 0.2965 0.9262 1.1104 0.4717 0.6330 0.6078 1.2941 0.2862 0.8921 0.4109 0.3369 0.2801 0.8925 0.9755 0.8843 0.6286 1.2300 0.5299 0.9411
ArgRS_AF_Bact_Anoxybacillus_flavithermus_WK1_gene7039015 0.0787 0.5677 0.0710 0.3787 0.7044 0.3002 0.5806 0.1669 0.1357 0.7079 0.2379 0.1960 0.1289 0.2215 0.1001 0.5613 0.1625 1.1722 0.1830 0.1247 0.5657 0.9867 0.0000 0.5361 0.7775 0.3518 0.1849 0.0863 0.7410 0.3049 0.1888 0.4688 0.1949 0.5694 0.6917 0.9676 0.5928 0.4949 0.5655 1.4063 0.4502 0.2413 0.6263 0.7760 0.0945 0.5857 0.3430
CysRS_PDB_Bact_E_coli_1LI5 0.4341 0.3589 0.7023 0.5704 0.4126 0.5822 0.2628 0.8043 0.6293 0.3147 1.1209 1.3483 0.5868 0.7703 1.0319 0.1952 0.9241 0.3355 1.1850 0.3285 0.3649 0.2373 0.5361 0.0000 0.3014 0.3980 1.3792 0.6105 0.2727 0.6385 0.8624 0.3021 0.6714 0.2460 0.6726 0.5267 0.4498 0.3350 0.2412 0.1512 0.3649 1.0575 0.4431 0.3059 0.2152 0.1754 0.7397
CysRS_AF_Bact_Lactobacillus_amylovorus_GRL1118_gene66523130 0.7931 0.1359 0.4108 0.5994 0.1187 0.7237 0.1710 0.5998 0.6636 0.4987 0.6412 0.5820 0.6493 0.4991 0.3648 0.3563 0.7331 0.2830 0.6960 0.6879 0.1353 0.8992 0.7775 0.3014 0.0000 0.8217 0.6918 0.6123 0.4060 0.5311 0.7084 0.1746 0.7339 0.2498 0.1961 0.4559 0.1886 0.3004 0.1472 0.4378 0.1131 0.6080 0.1748 0.2376 1.1443 0.4126 0.6942
ArgRS_AF_Euk_Polyodon_spathula_gene121324634 0.1761 0.6505 0.2362 0.0028 0.7315 0.1261 0.4945 0.2141 0.1594 0.6518 0.1860 0.0612 0.1560 0.0813 0.1532 0.4759 0.0882 1.1063 0.1306 0.2080 0.5762 0.7134 0.3518 0.3980 0.8217 0.0000 0.0791 0.2180 0.8215 0.2631 0.1009 0.4423 0.0850 0.6309 0.5347 0.8339 0.5805 0.5030 0.5410 0.8231 0.5556 0.1597 0.5412 0.6524 0.2326 0.7056 0.2339
ArgRS_AF_Bact_Chlamydia_psittaci_6BC_gene12242456 0.1106 0.5485 0.1454 0.0919 0.7671 0.1255 0.5313 0.1024 0.1196 0.7823 0.0591 0.0826 0.1092 0.0782 0.1936 1.0256 0.0789 1.1868 0.0674 0.1527 0.5098 0.9294 0.1849 1.3792 0.6918 0.0791 0.0000 0.1898 0.8226 0.1533 0.0714 0.3499 0.0743 0.5456 0.4603 0.9867 0.5835 0.6753 0.5855 1.0654 0.6157 0.1784 0.5895 0.7259 0.1057 0.9718 0.2440
ArgRS_AF_Bact_Corynebacterium_ulcerans_809_gene75260071 0.0930 0.4159 0.1094 0.2146 0.6589 0.2384 1.0422 0.1376 0.1124 0.6520 0.2790 0.2750 0.0910 0.1780 0.1075 0.6059 0.1460 0.7036 0.0964 0.1585 0.5150 0.7066 0.0863 0.6105 0.6123 0.2180 0.1898 0.0000 0.7117 0.2419 0.1403 0.4028 0.1802 0.6414 0.6191 0.7158 0.4950 0.5318 0.5103 0.7911 0.5049 0.2270 0.4652 0.5250 0.1514 0.4984 0.3031
CysRS_AF_Bact_Prochlorococcus_marinus_subsp_marinus_str_CCMP1375_gene54200571 0.9286 0.4046 0.7918 0.8305 0.4873 0.7952 0.4525 0.7825 0.7411 0.4558 0.9688 1.0926 0.6196 0.7457 0.8531 0.3643 0.7205 0.4848 0.6779 0.9496 0.4195 0.2965 0.7410 0.2727 0.4060 0.8215 0.8226 0.7117 0.0000 0.5328 0.7319 0.3313 0.7248 0.4415 0.4951 0.3973 0.4796 0.4008 0.4432 0.4508 0.5398 0.6514 0.4873 0.4866 0.7950 0.4649 0.8939
ArgRS_PDB_Bact_1IQ0 0.1380 0.4340 0.3526 0.2534 0.5453 0.1606 0.8941 0.2738 0.1007 0.7408 0.2032 0.2622 0.1277 0.1248 0.3276 0.8742 0.1806 1.1385 0.1364 0.1513 0.4187 0.9262 0.3049 0.6385 0.5311 0.2631 0.1533 0.2419 0.5328 0.0000 0.1082 0.4391 0.0962 0.8261 0.6722 0.9215 0.5092 0.5738 0.5084 0.8259 0.5628 0.2082 0.4590 0.5798 0.1837 0.4537 0.2503
ArgRS_AF_Euk_Paulinella_chromatophora_gene6481434 0.0886 0.4195 0.1826 0.0827 0.6398 0.1716 0.7690 0.1468 0.0977 0.8510 0.0779 0.0715 0.0865 0.0343 0.1759 0.5406 0.0504 1.1793 0.0830 0.0867 0.3115 1.1104 0.1888 0.8624 0.7084 0.1009 0.0714 0.1403 0.7319 0.1082 0.0000 0.2748 0.0281 0.6782 0.4924 0.5859 0.7154 0.4846 0.3767 1.3469 0.6540 0.0867 0.4461 0.6277 0.0723 0.7888 0.2409
CysRS_AF_Euk_Micromonas_commoda_gene8246535 0.3942 0.2172 0.4653 0.4497 0.2944 0.4798 0.1717 0.4177 0.4391 0.2643 0.4735 0.3835 0.3151 0.4811 0.4041 0.3708 0.3217 0.5292 0.4285 0.3309 0.1904 0.4717 0.4688 0.3021 0.1746 0.4423 0.3499 0.4028 0.3313 0.4391 0.2748 0.0000 0.3772 0.2009 0.2229 0.4236 0.2965 0.4756 0.2069 0.4143 0.2613 0.4081 0.1608 0.3902 0.3711 0.4050 0.6039
ArgRS_AF_Bact_Prochlorococcus_marinus_subsp_marinus_str_CCMP1375_gene54199571 0.0718 0.3654 0.1687 0.0714 0.5275 0.0646 0.7593 0.2202 0.1079 0.7553 0.0765 0.0881 0.0821 0.0431 0.1063 0.8091 0.0740 1.1819 0.0769 0.0704 0.3882 0.6330 0.1949 0.6714 0.7339 0.0850 0.0743 0.1802 0.7248 0.0962 0.0281 0.3772 0.0000 0.6537 0.5104 0.7154 0.5164 0.3997 0.3389 1.5291 0.7309 0.0983 0.4200 0.6532 0.0729 0.8590 0.2294
CysRS_AF_Arch_Aciduliprofundum_boonei_T469_gene8827372 0.9351 0.2548 0.6960 0.6133 0.2476 0.5916 0.1474 0.5877 0.8711 0.3123 0.7431 0.6025 0.5650 0.8797 0.7773 0.3469 0.5287 0.3493 0.6274 0.6656 0.2531 0.6078 0.5694 0.2460 0.2498 0.6309 0.5456 0.6414 0.4415 0.8261 0.6782 0.2009 0.6537 0.0000 0.2788 0.3794 0.2528 0.2312 0.2077 0.2830 0.2252 0.4323 0.2841 0.1665 0.8471 0.3252 0.5589
CysRS_AF_Euk_Arabidopsis_thaliana_gene833874 0.3987 0.3521 0.6856 0.6165 0.3897 0.4039 0.2102 0.4859 0.5931 0.3539 0.5636 0.3733 0.6140 0.5159 0.8528 0.4139 0.4844 0.5854 0.4742 0.5343 0.3046 1.2941 0.6917 0.6726 0.1961 0.5347 0.4603 0.6191 0.4951 0.6722 0.4924 0.2229 0.5104 0.2788 0.0000 0.6052 0.5697 0.6897 0.3690 0.5660 0.4987 0.3797 0.5001 0.4524 0.4395 0.6380 0.5996
CysRS_AF_Bact_Treponema_pallidum_subsp_pertenue_str_SamoaD_gene57878631 0.3978 0.4781 0.8532 0.7798 0.4863 0.4511 0.5133 0.9071 0.9894 0.4291 0.6577 0.5982 0.9789 0.6084 0.9033 0.4235 0.8800 0.4286 0.7811 1.0270 0.4130 0.2862 0.9676 0.5267 0.4559 0.8339 0.9867 0.7158 0.3973 0.9215 0.5859 0.4236 0.7154 0.3794 0.6052 0.0000 0.6838 0.3827 0.4124 0.5447 0.4311 0.9531 0.4674 0.4426 1.0252 0.5366 0.4900
CysRS_AF_Vir_Megavirus_chiliensis_gene11257271 0.7963 0.1412 0.5462 0.5312 0.1349 0.6906 0.2438 0.6677 0.5680 0.4140 0.5007 0.5264 0.6340 0.4935 0.6193 0.3399 0.5518 0.9569 0.5475 0.6448 0.2534 0.8921 0.5928 0.4498 0.1886 0.5805 0.5835 0.4950 0.4796 0.5092 0.7154 0.2965 0.5164 0.2528 0.5697 0.6838 0.0000 0.2909 0.2117 0.5044 0.1763 0.5742 0.1402 0.2305 0.8151 0.4859 0.6704
CysRS_AF_Arch_Pyrobaculum_ferrireducens_gene11593896 0.5457 0.2614 0.6621 0.4507 0.2513 0.4949 0.2947 0.5281 0.5160 0.2564 0.4925 0.4899 0.6208 0.4890 0.4383 0.2051 0.4433 0.4427 0.6872 0.5609 0.2304 0.4109 0.4949 0.3350 0.3004 0.5030 0.6753 0.5318 0.4008 0.5738 0.4846 0.4756 0.3997 0.2312 0.6897 0.3827 0.2909 0.0000 0.1946 0.3953 0.3078 0.5128 0.2865 0.3737 0.6905 0.3462 0.6783
CysRS_AF_Mito_Homo_sapiens_gene79587 0.4887 0.1921 0.5204 0.4810 0.2480 0.5092 0.2564 0.4748 0.5035 0.5209 0.6307 0.4064 0.4133 0.3323 0.4215 0.2566 0.5392 0.3534 0.4919 0.4350 0.0213 0.3369 0.5655 0.2412 0.1472 0.5410 0.5855 0.5103 0.4432 0.5084 0.3767 0.2069 0.3389 0.2077 0.3690 0.4124 0.2117 0.1946 0.0000 0.3285 0.2365 0.4463 0.2156 0.2860 0.3602 0.4033 0.6041
CysRS_AF_Bact_Bordetella_avium_197N_gene41394405 1.2820 0.3536 1.3595 0.8259 0.4647 0.7665 0.3904 0.8026 1.1481 0.2467 0.9375 1.2841 0.9045 1.2196 1.0456 0.3114 1.0375 0.2058 1.3038 0.9521 0.3269 0.2801 1.4063 0.1512 0.4378 0.8231 1.0654 0.7911 0.4508 0.8259 1.3469 0.4143 1.5291 0.2830 0.5660 0.5447 0.5044 0.3953 0.3285 0.0000 0.4733 1.1959 0.4275 0.2830 1.2247 0.2352 0.9554
CysRS_AF_Euk_Drosophila_melanogaster_gene36784 0.4697 0.1163 0.3567 0.6565 0.0557 0.6670 0.2856 0.5033 0.5416 0.5825 0.4313 0.5236 0.5523 0.4618 0.4616 0.3767 0.5293 0.3575 0.6223 0.4670 0.2397 0.8925 0.4502 0.3649 0.1131 0.5556 0.6157 0.5049 0.5398 0.5628 0.6540 0.2613 0.7309 0.2252 0.4987 0.4311 0.1763 0.3078 0.2365 0.4733 0.0000 0.4411 0.0671 0.2884 0.7307 0.3842 0.7351
ArgRS_AF_Mito_Caenorhabditis_elegans_gene174023 0.1384 0.3659 0.2998 0.1522 0.6658 0.1240 0.4972 0.1869 0.1760 0.8325 0.2528 0.1431 0.1140 0.1294 0.3521 0.5925 0.0830 0.6468 0.1562 0.1659 0.5349 0.9755 0.2413 1.0575 0.6080 0.1597 0.1784 0.2270 0.6514 0.2082 0.0867 0.4081 0.0983 0.4323 0.3797 0.9531 0.5742 0.5128 0.4463 1.1959 0.4411 0.0000 0.6305 0.8103 0.1894 0.4581 0.2551
CysRS_AF_Mito_Saccharomyces_cerevisiae_S288C_gene855474 0.6161 0.1661 0.6142 0.6042 0.0970 0.5022 0.2944 0.7443 0.4880 0.4198 0.3550 0.4614 0.4676 0.4199 0.4927 0.4239 0.3628 0.5118 0.7567 0.5480 0.2045 0.8843 0.6263 0.4431 0.1748 0.5412 0.5895 0.4652 0.4873 0.4590 0.4461 0.1608 0.4200 0.2841 0.5001 0.4674 0.1402 0.2865 0.2156 0.4275 0.0671 0.6305 0.0000 0.2559 0.5225 0.4127 0.7774
CysRS_AF_Bact_Streptobacillus_moniliformis_DSM_12112_gene29673427 0.7619 0.2064 0.5881 0.6332 0.2940 0.6376 0.2708 0.5635 0.6992 0.2528 0.5835 0.5816 0.7902 0.5540 0.6513 0.3149 0.5932 0.3540 0.6051 0.6820 0.1873 0.6286 0.7760 0.3059 0.2376 0.6524 0.7259 0.5250 0.4866 0.5798 0.6277 0.3902 0.6532 0.1665 0.4524 0.4426 0.2305 0.3737 0.2860 0.2830 0.2884 0.8103 0.2559 0.0000 1.0153 0.3110 0.6622
ArgRS_AF_Arch_Methanothermococcus_okinawensis_IH1_gene10773248 0.0927 0.6525 0.1303 0.1984 0.7126 0.1850 0.5344 0.1726 0.0712 0.9105 0.1563 0.1927 0.1035 0.1160 0.1476 0.3880 0.0882 1.2124 0.0883 0.1063 0.5025 1.2300 0.0945 0.2152 1.1443 0.2326 0.1057 0.1514 0.7950 0.1837 0.0723 0.3711 0.0729 0.8471 0.4395 1.0252 0.8151 0.6905 0.3602 1.2247 0.7307 0.1894 0.5225 1.0153 0.0000 0.7290 0.2084
CysRS_AF_Arch_Methanospirillum_hungatei_JF-1_gene3922979 1.0146 0.3815 0.6751 1.1308 0.3781 0.6793 0.3078 0.3500 1.1410 0.2992 1.0217 0.7704 0.6365 0.6222 1.0082 0.1694 0.6327 0.3744 1.0443 0.3408 0.3789 0.5299 0.5857 0.1754 0.4126 0.7056 0.9718 0.4984 0.4649 0.4537 0.7888 0.4050 0.8590 0.3252 0.6380 0.5366 0.4859 0.3462 0.4033 0.2352 0.3842 0.4581 0.4127 0.3110 0.7290 0.0000 0.3897
ArgRS_AF_Arch_Desulfurococcus_mucosus_DSM_2162_gene10153309 0.3060 0.8629 0.4476 0.2331 0.9060 0.1761 0.5193 0.1812 0.1487 0.2807 0.2279 0.3817 0.1829 0.1930 0.2651 0.4984 0.1984 0.2565 0.1597 0.2460 0.6684 0.9411 0.3430 0.7397 0.6942 0.2339 0.2440 0.3031 0.8939 0.2503 0.2409 0.6039 0.2294 0.5589 0.5996 0.4900 0.6704 0.6783 0.6041 0.9554 0.7351 0.2551 0.7774 0.6622 0.2084 0.3897 0.0000
