47
CysRS_AF_Mito_Homo_sapiens_gene79587 0.0000 0.3716 0.2672 0.3402 0.3617 0.1834 0.4072 0.3725 0.2056 0.2852 0.3874 0.3320 0.1753 0.3586 0.4514 0.1879 0.3201 0.3140 0.1866 0.3149 0.3541 0.3089 0.2117 0.2095 0.3081 0.2657 0.1798 0.2839 0.3259 0.4325 0.1790 0.2081 0.2359 0.3132 0.3324 0.3267 0.3615 0.2071 0.0211 0.2885 0.3760 0.2974 0.3501 0.3528 0.1259 0.3229 0.2279
CysRS_AF_Bact_Mycoplasma_hyopneumoniae_168-L_gene57101512 0.3716 0.0000 0.5818 0.6201 0.6568 0.6871 0.5898 0.6033 0.4251 0.3780 0.5454 0.6533 0.3428 0.5979 0.3509 0.6669 0.6143 0.5894 0.3295 0.6655 0.5829 0.3936 0.5167 0.5065 0.6753 0.3799 0.5650 0.6389 0.6461 0.4138 0.4466 0.4465 0.2670 0.7048 0.6786 0.3879 0.6660 0.3117 0.3571 0.5657 0.6736 0.5763 0.6263 0.6698 0.3910 0.6361 0.5648
ArgRS_AF_Bact_Mycoplasma_hyopneumoniae_168-L_gene57100855 0.2672 0.5818 0.0000 0.1227 0.1317 0.2873 0.0941 0.1649 0.3431 0.6023 0.1096 0.1113 0.3317 0.0828 0.4072 0.5565 0.1351 0.1782 0.3455 0.1181 0.1758 0.6546 0.2722 0.3027 0.1625 0.6243 0.3398 0.1187 0.1873 0.6007 0.4317 0.3395 0.5485 0.2249 0.1639 0.4553 0.1666 0.5245 0.2750 0.1413 0.2256 0.0967 0.1229 0.1675 0.3236 0.1518 0.3223
ArgRS_AF_Bact_Escherichia_coli_O157:H7_str._Sakai_gene912519 0.3402 0.6201 0.1227 0.0000 0.0759 0.3044 0.1748 0.1220 0.3339 0.5722 0.0672 0.0925 0.3625 0.1557 0.4492 0.3938 0.1569 0.1240 0.4245 0.0832 0.0894 0.6839 0.3611 0.3287 0.1247 0.5209 0.3403 0.1117 0.0810 0.4676 0.4087 0.4120 0.5114 0.1495 0.0842 0.5317 0.0864 0.6043 0.2899 0.0396 0.1259 0.0312 0.1431 0.0757 0.3167 0.0833 0.4131
ArgRS_AF_Arch_Candidatus_Nitrosopumilus_sediminis_gene13697696 0.3617 0.6568 0.1317 0.0759 0.0000 0.3893 0.1741 0.0416 0.3612 0.6312 0.1122 0.0845 0.3727 0.0865 0.4704 0.4334 0.0846 0.0813 0.4650 0.0718 0.0952 0.6700 0.4074 0.3538 0.0597 0.6140 0.3702 0.0664 0.1590 0.5919 0.4487 0.4357 0.6215 0.1643 0.1224 0.4338 0.0908 0.5973 0.3515 0.0753 0.1572 0.0893 0.1104 0.1103 0.3678 0.1475 0.3704
CysRS_AF_Euk_Homo_sapiens_gene833 0.1834 0.6871 0.2873 0.3044 0.3893 0.0000 0.3324 0.3702 0.0924 0.3437 0.3273 0.2988 0.2314 0.3158 0.3875 0.2322 0.3021 0.2902 0.1121 0.4714 0.3171 0.3521 0.2297 0.0443 0.4032 0.3043 0.0785 0.4283 0.3405 0.3480 0.1873 0.2594 0.2377 0.3833 0.2550 0.3391 0.3570 0.2839 0.2052 0.2742 0.3823 0.2988 0.3276 0.4203 0.1015 0.2682 0.2847
ArgRS_AF_Bact_Anoxybacillus_flavithermus_WK1_gene7039015 0.4072 0.5898 0.0941 0.1748 0.1741 0.3324 0.0000 0.1324 0.3497 0.6602 0.1719 0.1129 0.3870 0.0796 0.5166 0.4688 0.0894 0.1956 0.3957 0.1525 0.1963 0.6568 0.3334 0.2970 0.1540 0.5988 0.3712 0.1292 0.1846 0.5922 0.5746 0.3598 0.6754 0.2492 0.2317 0.5343 0.2274 0.4991 0.4480 0.1819 0.1946 0.1634 0.0806 0.0898 0.3745 0.2413 0.4885
ArgRS_AF_Arch_Candidatus_Korarchaeum_cryptofilum_OPF8_gene6093502 0.3725 0.6033 0.1649 0.1220 0.0416 0.3702 0.1324 0.0000 0.3490 0.6403 0.1121 0.1211 0.5030 0.1037 0.4708 0.4389 0.0687 0.0811 0.4996 0.1275 0.0924 0.6742 0.3850 0.4549 0.0595 0.5712 0.4104 0.0853 0.1471 0.6398 0.4336 0.3887 0.7314 0.1250 0.1281 0.5686 0.1187 0.5711 0.3345 0.0975 0.1622 0.0962 0.1159 0.0939 0.3759 0.1434 0.5032
CysRS_AF_Mito_Saccharomyces_cerevisiae_S288C_gene855474 0.2056 0.4251 0.3431 0.3339 0.3612 0.0924 0.3497 0.3490 0.0000 0.3436 0.2465 0.2838 0.1878 0.3026 0.2384 0.3158 0.2630 0.2838 0.1206 0.3921 0.2854 0.2352 0.1360 0.0649 0.3024 0.3848 0.1296 0.3452 0.3452 0.4123 0.1991 0.2675 0.2410 0.3654 0.3018 0.3480 0.3247 0.2378 0.1729 0.3008 0.3513 0.3453 0.2751 0.3791 0.1401 0.3728 0.1508
CysRS_AF_Bact_Bordetella_avium_197N_gene41394405 0.2852 0.3780 0.6023 0.5722 0.6312 0.3437 0.6602 0.6403 0.3436 0.0000 0.5960 0.6363 0.2614 0.5912 0.3201 0.2930 0.6837 0.6922 0.3917 0.5323 0.4985 0.2239 0.3165 0.3667 0.6139 0.2263 0.2902 0.6379 0.5924 0.4201 0.2646 0.3148 0.2414 0.7095 0.6187 0.2661 0.5783 0.1167 0.2112 0.4734 0.7030 0.5426 0.6157 0.6293 0.2099 0.5204 0.2761
ArgRS_AF_Euk_Micromonas_commoda_gene8250062 0.3874 0.5454 0.1096 0.0672 0.1122 0.3273 0.1719 0.1121 0.2465 0.5960 0.0000 0.1081 0.3643 0.1379 0.4363 0.3064 0.1063 0.1036 0.4333 0.0622 0.0992 0.4577 0.2870 0.2682 0.1006 0.5385 0.3489 0.1695 0.1258 0.5108 0.4103 0.3989 0.3756 0.1435 0.0899 0.5141 0.1571 0.6439 0.3769 0.0641 0.1425 0.0491 0.1250 0.0850 0.4171 0.0957 0.4928
ArgRS_PDB_Arch_2ZUF 0.3320 0.6533 0.1113 0.0925 0.0845 0.2988 0.1129 0.1211 0.2838 0.6363 0.1081 0.0000 0.4084 0.1784 0.4086 0.3589 0.1172 0.1156 0.3722 0.1146 0.1428 0.6485 0.2918 0.3011 0.1222 0.5818 0.3333 0.1582 0.1497 0.4652 0.4911 0.4199 0.5495 0.1562 0.1942 0.5848 0.1067 0.5430 0.3652 0.0664 0.1239 0.0723 0.1021 0.0919 0.4028 0.2088 0.4657
CysRS_AF_Arch_Candidatus_Nitrosopumilus_sediminis_gene13696907 0.1753 0.3428 0.3317 0.3625 0.3727 0.2314 0.3870 0.5030 0.1878 0.2614 0.3643 0.4084 0.0000 0.4699 0.1955 0.1801 0.4052 0.4960 0.2370 0.3693 0.4238 0.2510 0.2272 0.2605 0.3953 0.2312 0.1487 0.5317 0.3598 0.4768 0.1116 0.1709 0.2935 0.4839 0.3820 0.2664 0.3841 0.2349 0.1420 0.3766 0.4727 0.3305 0.3209 0.4222 0.2020 0.3778 0.1565
ArgRS_AF_Bact_Corynebacterium_ulcerans_809_gene75260071 0.3586 0.5979 0.0828 0.1557 0.0865 0.3158 0.0796 0.1037 0.3026 0.5912 0.1379 0.1784 0.4699 0.0000 0.4575 0.3656 0.1405 0.1640 0.3097 0.1440 0.1616 0.6850 0.3218 0.3441 0.1008 0.5419 0.3306 0.1395 0.1147 0.6291 0.4223 0.3537 0.5826 0.2420 0.1765 0.5383 0.1445 0.5136 0.3297 0.1102 0.1903 0.1315 0.0751 0.1060 0.3092 0.1675 0.4889
CysRS_AF_Bact_Porphyromonas_gingivalis_ATCC_33277_gene29256960 0.4514 0.3509 0.4072 0.4492 0.4704 0.3875 0.5166 0.4708 0.2384 0.3201 0.4363 0.4086 0.1955 0.4575 0.0000 0.2586 0.5542 0.4442 0.3335 0.4798 0.4416 0.3629 0.2410 0.3973 0.4496 0.3059 0.3465 0.4499 0.4740 0.4376 0.3214 0.2129 0.2071 0.4911 0.4176 0.3459 0.5061 0.2632 0.2915 0.4044 0.5714 0.4147 0.3967 0.4751 0.2764 0.4163 0.2058
CysRS_AF_Euk_Arabidopsis_thaliana_gene833874 0.1879 0.6669 0.5565 0.3938 0.4334 0.2322 0.4688 0.4389 0.3158 0.2930 0.3064 0.3589 0.1801 0.3656 0.2586 0.0000 0.3729 0.4854 0.3524 0.4842 0.4239 0.4140 0.2115 0.2799 0.2828 0.4805 0.3229 0.3720 0.4279 0.4612 0.2240 0.2571 0.3393 0.4763 0.3742 0.3586 0.3142 0.3001 0.2363 0.3599 0.2702 0.3075 0.4501 0.3025 0.1627 0.3709 0.2672
ArgRS_AF_Arch_Methanothermococcus_okinawensis_IH1_gene10773248 0.3201 0.6143 0.1351 0.1569 0.0846 0.3021 0.0894 0.0687 0.2630 0.6837 0.1063 0.1172 0.4052 0.1405 0.5542 0.3729 0.0000 0.1244 0.4216 0.1140 0.1440 0.6917 0.2685 0.3670 0.1016 0.5707 0.3660 0.1442 0.1867 0.5843 0.4785 0.4478 0.5772 0.2181 0.1960 0.5499 0.1731 0.5199 0.2972 0.0735 0.1435 0.0968 0.1326 0.1136 0.4262 0.1953 0.5170
ArgRS_PDB_Bact_1IQ0 0.3140 0.5894 0.1782 0.1240 0.0813 0.2902 0.1956 0.0811 0.2838 0.6922 0.1036 0.1156 0.4960 0.1640 0.4442 0.4854 0.1244 0.0000 0.3114 0.1029 0.1294 0.6957 0.3385 0.3079 0.0952 0.5743 0.2969 0.1520 0.2162 0.6028 0.4479 0.4511 0.5346 0.2426 0.1998 0.5180 0.1232 0.6171 0.3156 0.0878 0.1750 0.0935 0.1844 0.1372 0.3688 0.2045 0.4677
CysRS_AF_Vir_Megavirus_chiliensis_gene11257271 0.1866 0.3295 0.3455 0.4245 0.4650 0.1121 0.3957 0.4996 0.1206 0.3917 0.4333 0.3722 0.2370 0.3097 0.3335 0.3524 0.4216 0.3114 0.0000 0.4215 0.3891 0.6159 0.2290 0.0881 0.4912 0.3408 0.1167 0.3674 0.4121 0.4473 0.2359 0.2540 0.2806 0.4467 0.4749 0.4773 0.5631 0.3222 0.1734 0.3897 0.3774 0.4462 0.3553 0.5087 0.1773 0.4182 0.2182
ArgRS_AF_Bact_Chlamydia_psittaci_6BC_gene12242456 0.3149 0.6655 0.1181 0.0832 0.0718 0.4714 0.1525 0.1275 0.3921 0.5323 0.0622 0.1146 0.3693 0.1440 0.4798 0.4842 0.1140 0.1029 0.4215 0.0000 0.0884 0.6925 0.3255 0.2875 0.0922 0.6758 0.3932 0.0986 0.1080 0.5039 0.4654 0.3959 0.5130 0.1641 0.0772 0.5302 0.0992 0.5988 0.3863 0.0842 0.1583 0.0689 0.1240 0.0976 0.3979 0.0917 0.3359
ArgRS_AF_Euk_Thalassiosira_pseudonana_CCMP1335_gene7449555 0.3541 0.5829 0.1758 0.0894 0.0952 0.3171 0.1963 0.0924 0.2854 0.4985 0.0992 0.1428 0.4238 0.1616 0.4416 0.4239 0.1440 0.1294 0.3891 0.0884 0.0000 0.3310 0.3591 0.2702 0.1125 0.4859 0.5448 0.1240 0.1426 0.4718 0.4224 0.4094 0.4008 0.1953 0.1344 0.5203 0.1316 0.5762 0.2930 0.0666 0.1797 0.0755 0.1525 0.1157 0.3417 0.1457 0.3586
CysRS_AF_Bact_Mycobacterium_canettii_CIPT_140010059_gene45427568 0.3089 0.3936 0.6546 0.6839 0.6700 0.3521 0.6568 0.6742 0.2352 0.2239 0.4577 0.6485 0.2510 0.6850 0.3629 0.4140 0.6917 0.6957 0.6159 0.6925 0.3310 0.0000 0.2705 0.2051 0.4290 0.3372 0.3181 0.6714 0.6838 0.3569 0.3111 0.3076 0.3188 0.6505 0.6700 0.4115 0.4698 0.2883 0.2426 0.5421 0.7344 0.6190 0.6828 0.7223 0.2061 0.6714 0.2879
CysRS_AF_Euk_Micromonas_commoda_gene8246535 0.2117 0.5167 0.2722 0.3611 0.4074 0.2297 0.3334 0.3850 0.1360 0.3165 0.2870 0.2918 0.2272 0.3218 0.2410 0.2115 0.2685 0.3385 0.2290 0.3255 0.3591 0.2705 0.0000 0.1993 0.3317 0.3200 0.1590 0.3707 0.3240 0.2969 0.2044 0.3375 0.2123 0.4858 0.3878 0.3220 0.3967 0.2440 0.1798 0.2823 0.3809 0.2658 0.3357 0.3129 0.1623 0.3452 0.2236
CysRS_AF_Euk_Drosophila_melanogaster_gene36784 0.2095 0.5065 0.3027 0.3287 0.3538 0.0443 0.2970 0.4549 0.0649 0.3667 0.2682 0.3011 0.2605 0.3441 0.3973 0.2799 0.3670 0.3079 0.0881 0.2875 0.2702 0.2051 0.1993 0.0000 0.3214 0.2306 0.0899 0.2586 0.3407 0.3316 0.1909 0.2621 0.2645 0.4475 0.2589 0.3420 0.4299 0.2694 0.1769 0.2620 0.2933 0.2714 0.2920 0.3019 0.1152 0.2708 0.1906
ArgRS_AF_Mito_Homo_sapiens_gene57038 0.3081 0.6753 0.1625 0.1247 0.0597 0.4032 0.1540 0.0595 0.3024 0.6139 0.1006 0.1222 0.3953 0.1008 0.4496 0.2828 0.1016 0.0952 0.4912 0.0922 0.1125 0.4290 0.3317 0.3214 0.0000 0.5855 0.4469 0.0906 0.1143 0.5523 0.4162 0.3755 0.4750 0.1797 0.1366 0.4240 0.0690 0.5753 0.2914 0.0760 0.1121 0.0829 0.1070 0.0944 0.4879 0.1374 0.5189
CysRS_AF_Arch_Methanospirillum_hungatei_JF-1_gene3922979 0.2657 0.3799 0.6243 0.5209 0.6140 0.3043 0.5988 0.5712 0.3848 0.2263 0.5385 0.5818 0.2312 0.5419 0.3059 0.4805 0.5707 0.5743 0.3408 0.6758 0.4859 0.3372 0.3200 0.2306 0.5855 0.0000 0.3192 0.5689 0.6176 0.2863 0.1760 0.2890 0.1717 0.6035 0.5305 0.3108 0.5208 0.2026 0.2901 0.5221 0.5731 0.5261 0.4997 0.6428 0.3218 0.5335 0.2996
CysRS_AF_Euk_Cyanidioschyzon_merolae_strain_10D_gene16993418 0.1798 0.5650 0.3398 0.3403 0.3702 0.0785 0.3712 0.4104 0.1296 0.2902 0.3489 0.3333 0.1487 0.3306 0.3465 0.3229 0.3660 0.2969 0.1167 0.3932 0.5448 0.3181 0.1590 0.0899 0.4469 0.3192 0.0000 0.5154 0.3121 0.3749 0.1695 0.2393 0.2753 0.4629 0.4137 0.3382 0.3768 0.2378 0.1808 0.3470 0.3072 0.3565 0.3770 0.3980 0.1202 0.3748 0.1625
ArgRS_AF_Bact_Cupriavidus_taiwanensis_LMG_19424_gene29762022 0.2839 0.6389 0.1187 0.1117 0.0664 0.4283 0.1292 0.0853 0.3452 0.6379 0.1695 0.1582 0.5317 0.1395 0.4499 0.3720 0.1442 0.1520 0.3674 0.0986 0.1240 0.6714 0.3707 0.2586 0.0906 0.5689 0.5154 0.0000 0.1425 0.6215 0.4588 0.3758 0.6960 0.1736 0.1837 0.5358 0.1078 0.7008 0.3308 0.1547 0.1407 0.0961 0.1282 0.1163 0.3412 0.1882 0.5305
ArgRS_AF_Vir_Megavirus_chiliensis_gene11257368 0.3259 0.6461 0.1873 0.0810 0.1590 0.3405 0.1846 0.1471 0.3452 0.5924 0.1258 0.1497 0.3598 0.1147 0.4740 0.4279 0.1867 0.2162 0.4121 0.1080 0.1426 0.6838 0.3240 0.3407 0.1143 0.6176 0.3121 0.1425 0.0000 0.5309 0.4481 0.3799 0.6216 0.2409 0.0535 0.6203 0.1303 0.5724 0.4012 0.0788 0.1310 0.0690 0.1918 0.1013 0.3980 0.0535 0.3234
CysRS_AF_Bact_Treponema_pallidum_subsp_pertenue_str_SamoaD_gene57878631 0.4325 0.4138 0.6007 0.4676 0.5919 0.3480 0.5922 0.6398 0.4123 0.4201 0.5108 0.4652 0.4768 0.6291 0.4376 0.4612 0.5843 0.6028 0.4473 0.5039 0.4718 0.3569 0.2969 0.3316 0.5523 0.2863 0.3749 0.6215 0.5309 0.0000 0.3244 0.3081 0.3206 0.4878 0.4738 0.4304 0.5677 0.3264 0.3622 0.5133 0.6626 0.4336 0.4844 0.6628 0.3460 0.4951 0.2460
CysRS_AF_Arch_Aciduliprofundum_boonei_T469_gene8827372 0.1790 0.4466 0.4317 0.4087 0.4487 0.1873 0.5746 0.4336 0.1991 0.2646 0.4103 0.4911 0.1116 0.4223 0.3214 0.2240 0.4785 0.4479 0.2359 0.4654 0.4224 0.3111 0.2044 0.1909 0.4162 0.1760 0.1695 0.4588 0.4481 0.3244 0.0000 0.2418 0.2358 0.4716 0.4400 0.2793 0.3999 0.2084 0.1737 0.4454 0.4071 0.4162 0.4313 0.5685 0.2078 0.4396 0.1535
CysRS_AF_Arch_Pyrobaculum_ferrireducens_gene11593896 0.2081 0.4465 0.3395 0.4120 0.4357 0.2594 0.3598 0.3887 0.2675 0.3148 0.3989 0.4199 0.1709 0.3537 0.2129 0.2571 0.4478 0.4511 0.2540 0.3959 0.4094 0.3076 0.3375 0.2621 0.3755 0.2890 0.2393 0.3758 0.3799 0.3081 0.2418 0.0000 0.1628 0.4834 0.3674 0.2701 0.5086 0.2643 0.2568 0.3969 0.3648 0.3969 0.3707 0.4316 0.2334 0.3678 0.2617
CysRS_PDB_Bact_M_smegmatis_3C8Z 0.2359 0.2670 0.5485 0.5114 0.6215 0.2377 0.6754 0.7314 0.2410 0.2414 0.3756 0.5495 0.2935 0.5826 0.2071 0.3393 0.5772 0.5346 0.2806 0.5130 0.4008 0.3188 0.2123 0.2645 0.4750 0.1717 0.2753 0.6960 0.6216 0.3206 0.2358 0.1628 0.0000 0.7104 0.4545 0.2567 0.6986 0.1597 0.2014 0.4668 0.6635 0.4787 0.5140 0.6096 0.3161 0.3792 0.2789
ArgRS_AF_Arch_Desulfurococcus_mucosus_DSM_2162_gene10153309 0.3132 0.7048 0.2249 0.1495 0.1643 0.3833 0.2492 0.1250 0.3654 0.7095 0.1435 0.1562 0.4839 0.2420 0.4911 0.4763 0.2181 0.2426 0.4467 0.1641 0.1953 0.6505 0.4858 0.4475 0.1797 0.6035 0.4629 0.1736 0.2409 0.4878 0.4716 0.4834 0.7104 0.0000 0.2512 0.5920 0.1799 0.5785 0.3216 0.1967 0.1952 0.1761 0.2337 0.2059 0.5779 0.2419 0.5352
ArgRS_AF_Euk_Polyodon_spathula_gene121324634 0.3324 0.6786 0.1639 0.0842 0.1224 0.2550 0.2317 0.1281 0.3018 0.6187 0.0899 0.1942 0.3820 0.1765 0.4176 0.3742 0.1960 0.1998 0.4749 0.0772 0.1344 0.6700 0.3878 0.2589 0.1366 0.5305 0.4137 0.1837 0.0535 0.4738 0.4400 0.3674 0.4545 0.2512 0.0000 0.4556 0.1003 0.4919 0.4359 0.0692 0.1451 0.1199 0.2133 0.1581 0.3556 0.0028 0.3232
CysRS_AF_Bact_Prochlorococcus_marinus_subsp_marinus_str_CCMP1375_gene54200571 0.3267 0.3879 0.4553 0.5317 0.4338 0.3391 0.5343 0.5686 0.3480 0.2661 0.5141 0.5848 0.2664 0.5383 0.3459 0.3586 0.5499 0.5180 0.4773 0.5302 0.5203 0.4115 0.3220 0.3420 0.4240 0.3108 0.3382 0.5358 0.6203 0.4304 0.2793 0.2701 0.2567 0.5920 0.4556 0.0000 0.5559 0.2132 0.3714 0.5009 0.5035 0.5316 0.4683 0.6245 0.2469 0.5244 0.3932
ArgRS_PDB_Euk_S_cerevisiae_1BS2 0.3615 0.6660 0.1666 0.0864 0.0908 0.3570 0.2274 0.1187 0.3247 0.5783 0.1571 0.1067 0.3841 0.1445 0.5061 0.3142 0.1731 0.1232 0.5631 0.0992 0.1316 0.4698 0.3967 0.4299 0.0690 0.5208 0.3768 0.1078 0.1303 0.5677 0.3999 0.5086 0.6986 0.1799 0.1003 0.5559 0.0000 0.5520 0.2719 0.0660 0.1233 0.1390 0.1711 0.1261 0.5141 0.0982 0.4642
CysRS_PDB_Bact_E_coli_1LI5 0.2071 0.3117 0.5245 0.6043 0.5973 0.2839 0.4991 0.5711 0.2378 0.1167 0.6439 0.5430 0.2349 0.5136 0.2632 0.3001 0.5199 0.6171 0.3222 0.5988 0.5762 0.2883 0.2440 0.2694 0.5753 0.2026 0.2378 0.7008 0.5724 0.3264 0.2084 0.2643 0.1597 0.5785 0.4919 0.2132 0.5520 0.0000 0.2628 0.5437 0.6520 0.6143 0.4816 0.6199 0.2115 0.5288 0.2137
CysRS_AF_Mito_Morone_saxatilis_gene118339815 0.0211 0.3571 0.2750 0.2899 0.3515 0.2052 0.4480 0.3345 0.1729 0.2112 0.3769 0.3652 0.1420 0.3297 0.2915 0.2363 0.2972 0.3156 0.1734 0.3863 0.2930 0.2426 0.1798 0.1769 0.2914 0.2901 0.1808 0.3308 0.4012 0.3622 0.1737 0.2568 0.2014 0.3216 0.4359 0.3714 0.2719 0.2628 0.0000 0.3065 0.3394 0.2972 0.4056 0.3410 0.1246 0.3174 0.2102
ArgRS_AF_Bact_Prochlorococcus_marinus_subsp_marinus_str_CCMP1375_gene54199571 0.2885 0.5657 0.1413 0.0396 0.0753 0.2742 0.1819 0.0975 0.3008 0.4734 0.0641 0.0664 0.3766 0.1102 0.4044 0.3599 0.0735 0.0878 0.3897 0.0842 0.0666 0.5421 0.2823 0.2620 0.0760 0.5221 0.3470 0.1547 0.0788 0.5133 0.4454 0.3969 0.4668 0.1967 0.0692 0.5009 0.0660 0.5437 0.3065 0.0000 0.0936 0.0338 0.1184 0.0760 0.3421 0.0683 0.3537
ArgRS_AF_Mito_Caenorhabditis_elegans_gene174023 0.3760 0.6736 0.2256 0.1259 0.1572 0.3823 0.1946 0.1622 0.3513 0.7030 0.1425 0.1239 0.4727 0.1903 0.5714 0.2702 0.1435 0.1750 0.3774 0.1583 0.1797 0.7344 0.3809 0.2933 0.1121 0.5731 0.3072 0.1407 0.1310 0.6626 0.4071 0.3648 0.6635 0.1952 0.1451 0.5035 0.1233 0.6520 0.3394 0.0936 0.0000 0.0830 0.1952 0.1258 0.4287 0.1615 0.5249
ArgRS_AF_Euk_Paulinella_chromatophora_gene6481434 0.2974 0.5763 0.0967 0.0312 0.0893 0.2988 0.1634 0.0962 0.3453 0.5426 0.0491 0.0723 0.3305 0.1315 0.4147 0.3075 0.0968 0.0935 0.4462 0.0689 0.0755 0.6190 0.2658 0.2714 0.0829 0.5261 0.3565 0.0961 0.0690 0.4336 0.4162 0.3969 0.4787 0.1761 0.1199 0.5316 0.1390 0.6143 0.2972 0.0338 0.0830 0.0000 0.1061 0.0929 0.3547 0.0919 0.3574
ArgRS_AF_Bact_Brachyspira_pilosicoli_95_1000_gene56439668 0.3501 0.6263 0.1229 0.1431 0.1104 0.3276 0.0806 0.1159 0.2751 0.6157 0.1250 0.1021 0.3209 0.0751 0.3967 0.4501 0.1326 0.1844 0.3553 0.1240 0.1525 0.6828 0.3357 0.2920 0.1070 0.4997 0.3770 0.1282 0.1918 0.4844 0.4313 0.3707 0.5140 0.2337 0.2133 0.4683 0.1711 0.4816 0.4056 0.1184 0.1952 0.1061 0.0000 0.1053 0.3493 0.2118 0.3011
ArgRS_AF_Bact_Streptobacillus_moniliformis_DSM_12112_gene29674021 0.3528 0.6698 0.1675 0.0757 0.1103 0.4203 0.0898 0.0939 0.3791 0.6293 0.0850 0.0919 0.4222 0.1060 0.4751 0.3025 0.1136 0.1372 0.5087 0.0976 0.1157 0.7223 0.3129 0.3019 0.0944 0.6428 0.3980 0.1163 0.1013 0.6628 0.5685 0.4316 0.6096 0.2059 0.1581 0.6245 0.1261 0.6199 0.3410 0.0760 0.1258 0.0929 0.1053 0.0000 0.5868 0.1634 0.4748
CysRS_AF_Bact_Lactobacillus_amylovorus_GRL1118_gene66523130 0.1259 0.3910 0.3236 0.3167 0.3678 0.1015 0.3745 0.3759 0.1401 0.2099 0.4171 0.4028 0.2020 0.3092 0.2764 0.1627 0.4262 0.3688 0.1773 0.3979 0.3417 0.2061 0.1623 0.1152 0.4879 0.3218 0.1202 0.3412 0.3980 0.3460 0.2078 0.2334 0.3161 0.5779 0.3556 0.2469 0.5141 0.2115 0.1246 0.3421 0.4287 0.3547 0.3493 0.5868 0.0000 0.3614 0.1495
ArgRS_AF_Euk_Homo_sapiens_gene5917 0.3229 0.6361 0.1518 0.0833 0.1475 0.2682 0.2413 0.1434 0.3728 0.5204 0.0957 0.2088 0.3778 0.1675 0.4163 0.3709 0.1953 0.2045 0.4182 0.0917 0.1457 0.6714 0.3452 0.2708 0.1374 0.5335 0.3748 0.1882 0.0535 0.4951 0.4396 0.3678 0.3792 0.2419 0.0028 0.5244 0.0982 0.5288 0.3174 0.0683 0.1615 0.0919 0.2118 0.1634 0.3614 0.0000 0.2933
CysRS_AF_Bact_Streptobacillus_moniliformis_DSM_12112_gene29673427 0.2279 0.5648 0.3223 0.4131 0.3704 0.2847 0.4885 0.5032 0.1508 0.2761 0.4928 0.4657 0.1565 0.4889 0.2058 0.2672 0.5170 0.4677 0.2182 0.3359 0.3586 0.2879 0.2236 0.1906 0.5189 0.2996 0.1625 0.5305 0.3234 0.2460 0.1535 0.2617 0.2789 0.5352 0.3232 0.3932 0.4642 0.2137 0.2102 0.3537 0.5249 0.3574 0.3011 0.4748 0.1495 0.2933 0.0000
