47
CysRS_AF_Mito_Homo_sapiens_gene79587 0.0000 3.5144 2.2362 2.1217 2.5966 1.6815 2.4057 2.9473 2.0465 1.5750 2.2932 2.0067 2.0648 1.9006 1.4625 2.1217 2.3540 1.9201 2.5036 2.3416 2.2252 1.5998 1.5377 1.6545 2.3416 1.5509 1.7413 2.2362 2.9711 1.6664 1.8300 1.5642 1.8665 2.7463 2.6130 2.0556 2.8156 1.5430 0.6939 2.0375 2.0928 2.3416 2.8792 2.3603 1.7157 2.1217 1.6969
CysRS_AF_Bact_Mycoplasma_hyopneumoniae_168-L_gene57101512 3.5144 0.0000 2.9832 2.7754 3.9188 2.4327 4.0669 3.3459 1.9440 2.9711 3.0332 3.1852 1.9686 28.8054 2.7181 3.2309 2.9473 8.9438 2.2815 2.7656 4.2322 2.9241 2.5885 2.9241 3.2625 2.1668 2.7368 3.7605 2.7754 3.7360 2.3171 2.6468 3.1273 2.9711 3.0995 3.4177 3.4553 2.2815 3.1852 3.9761 3.9188 3.2466 3.0079 2.1365 2.3540 3.0332 2.0740
ArgRS_AF_Bact_Mycoplasma_hyopneumoniae_168-L_gene57100855 2.2362 2.9832 0.0000 1.4968 1.1871 2.3925 1.1747 1.6969 2.2643 1.8929 1.6139 1.2675 2.6468 1.4247 2.2586 2.1217 1.1485 1.2913 2.1316 1.6082 1.8853 3.3118 2.4604 2.4258 1.6969 3.1273 2.5885 1.5750 2.0067 3.0995 2.4890 2.3667 2.8792 1.9854 1.8591 1.9939 1.7157 2.6468 2.3171 1.5018 1.6969 1.4434 1.5351 1.6311 2.5110 1.6196 2.1316
ArgRS_AF_Bact_Escherichia_coli_O157:H7_str._Sakai_gene912519 2.1217 2.7754 1.4968 0.0000 1.3621 2.7463 1.3621 1.2675 2.9241 2.3731 1.1197 1.1264 3.1133 1.5273 3.1558 2.3231 1.2144 1.0585 2.5413 0.9980 0.9692 3.0461 2.7559 3.7605 1.5535 3.1558 2.6130 1.2144 1.3034 2.1316 3.1273 2.4604 2.4890 2.1516 1.0338 2.7463 1.2754 2.2143 2.4191 0.8522 1.7062 0.8472 1.5120 1.1676 2.5336 1.0522 2.9241
ArgRS_AF_Arch_Candidatus_Nitrosopumilus_sediminis_gene13697696 2.5966 3.9188 1.1871 1.3621 0.0000 2.8054 1.1997 1.0967 2.5966 3.8112 1.2893 1.1365 2.1415 1.2181 2.1217 2.1720 1.1365 1.1065 2.8363 1.7284 1.5222 3.2787 2.5336 2.8683 1.5970 3.5981 2.4327 1.5535 1.7677 2.8054 2.7181 2.1668 5.5190 1.7778 1.6724 2.4675 1.3281 2.5185 2.4464 1.3599 1.7094 1.2813 1.5222 1.2559 2.0602 1.6634 1.8300
CysRS_AF_Euk_Homo_sapiens_gene833 1.6815 2.4327 2.3925 2.7463 2.8054 0.0000 2.0242 3.0332 1.3795 2.2815 2.4057 2.0648 1.8853 2.3478 2.0976 2.3292 2.5185 2.1365 2.0465 2.6298 2.7559 2.1415 1.9769 0.6268 3.1273 2.6641 1.5145 2.7656 3.2466 2.0787 1.7413 2.0787 2.6298 2.5260 2.1720 1.9201 2.7181 2.1617 1.9161 2.6214 3.1273 2.4464 2.2932 2.3416 2.1824 2.1071 2.0465
ArgRS_AF_Bact_Anoxybacillus_flavithermus_WK1_gene7039015 2.4057 4.0669 1.1747 1.3621 1.1997 2.0242 0.0000 1.4109 2.1824 3.5144 1.5482 1.0838 2.5185 0.9142 2.3171 2.4191 1.3075 1.1997 2.3171 2.0375 1.7220 3.1273 2.5336 2.2035 1.8158 2.9591 2.7559 0.9331 1.8517 2.1668 2.7463 2.1465 2.2252 1.9854 2.0648 2.2529 1.6486 2.2197 2.5490 1.4869 1.8929 1.5222 1.0173 1.3664 2.1566 1.9521 3.4553
ArgRS_AF_Arch_Candidatus_Korarchaeum_cryptofilum_OPF8_gene6093502 2.9473 3.3459 1.6969 1.2675 1.0967 3.0332 1.4109 0.0000 2.3860 2.3991 1.7812 0.7929 2.6298 1.4795 2.7953 2.6907 1.3116 1.2675 2.4963 1.5018 1.2833 2.1720 2.9126 2.5567 1.4869 3.0859 7.6844 1.6664 1.9603 3.9761 2.8683 2.4604 3.3459 1.4968 1.7949 3.0859 1.5120 2.0375 2.9241 1.3751 2.1929 1.3535 1.4201 1.2913 2.4057 1.7544 2.2932
CysRS_AF_Mito_Saccharomyces_cerevisiae_S288C_gene855474 2.0465 1.9440 2.2643 2.9241 2.5966 1.3795 2.1824 2.3860 0.0000 2.7754 2.7181 2.7559 2.0740 2.6641 2.5725 2.3292 2.8792 1.9769 2.0111 4.0669 2.8363 2.0740 1.9201 1.2520 3.0461 2.1982 1.7413 2.5646 2.9832 2.0928 2.1316 1.7914 2.5185 2.3292 2.6641 2.0465 2.7754 2.1617 1.9280 2.6130 4.0360 2.7089 3.1852 2.8054 1.8517 2.5567 2.0198
CysRS_AF_Bact_Bordetella_avium_197N_gene41394405 1.5750 2.9711 1.8929 2.3731 3.8112 2.2815 3.5144 2.3991 2.7754 0.0000 2.9241 4.0669 1.9240 1.9939 1.3664 1.9280 2.3795 2.3292 2.1120 3.0995 3.0995 1.6969 1.4869 2.3731 2.3171 1.2368 2.0465 2.1316 2.9955 1.6196 1.7220 1.3116 1.6196 2.7559 3.7360 1.6545 2.3171 0.8931 2.1516 2.4395 2.3478 3.1273 2.9014 3.7605 1.2293 2.6641 1.6754
ArgRS_AF_Euk_Micromonas_commoda_gene8250062 2.2932 3.0332 1.6139 1.1197 1.2893 2.4057 1.5482 1.7812 2.7181 2.9241 0.0000 1.4363 2.5036 1.7094 2.4818 1.9201 1.5377 1.5482 2.7559 1.0585 0.9304 2.3292 2.1720 2.0740 1.5860 2.7368 2.3925 1.4577 1.3751 2.3925 2.5185 2.1217 3.2154 1.7846 0.9951 2.3111 1.5222 3.0461 2.1415 0.8931 1.6545 0.8750 1.7479 1.1434 2.3795 1.0934 2.5805
ArgRS_PDB_Arch_2ZUF 2.0067 3.1852 1.2675 1.1264 1.1365 2.0648 1.0838 0.7929 2.7559 4.0669 1.4363 0.0000 2.1516 1.1298 3.5144 2.6729 1.0069 1.0098 2.3171 1.4770 1.3449 2.4818 2.9473 2.2700 1.7094 3.1133 2.5490 1.2293 1.5069 2.5110 2.4604 2.4604 4.1638 1.5832 1.6253 2.2252 1.4041 2.6130 2.4464 1.2993 1.8444 1.2540 1.3492 1.0999 2.5036 1.3708 2.6214
CysRS_AF_Arch_Candidatus_Nitrosopumilus_sediminis_gene13696907 2.0648 1.9686 2.6468 3.1133 2.1415 1.8853 2.5185 2.6298 2.0740 1.9240 2.5036 2.1516 0.0000 3.4553 2.0375 1.9686 2.8575 2.4258 2.6382 2.2089 3.0859 2.0154 1.6815 2.0375 2.7559 1.5535 1.7544 2.3416 3.3459 1.5535 1.4155 1.3492 1.6196 3.1852 4.0669 1.5970 2.5413 1.2034 1.9360 2.4057 5.8119 2.5036 2.1316 2.2932 1.3365 3.3118 1.3281
ArgRS_AF_Bact_Corynebacterium_ulcerans_809_gene75260071 1.9006 28.8054 1.4247 1.5273 1.2181 2.3478 0.9142 1.4795 2.6641 1.9939 1.7094 1.1298 3.4553 0.0000 2.7368 2.1516 1.2913 1.2520 3.4553 1.6369 1.7000 2.4057 2.3795 2.3111 1.6139 2.2700 2.5725 1.0461 1.8229 2.6818 2.8156 2.3925 3.3812 1.6604 1.5456 2.9711 1.2993 2.9591 2.1316 1.4293 1.7880 1.6196 1.3157 1.4458 2.9014 1.5915 3.4747
CysRS_AF_Bact_Porphyromonas_gingivalis_ATCC_33277_gene29256960 1.4625 2.7181 2.2586 3.1558 2.1217 2.0976 2.3171 2.7953 2.5725 1.3664 2.4818 3.5144 2.0375 2.7368 0.0000 1.6545 2.9014 1.9280 3.0995 2.2815 2.2932 1.6785 1.8158 2.1668 3.4944 1.2636 2.0510 2.1365 2.7656 1.6139 1.8264 1.4577 1.4387 2.7953 2.4057 1.3492 2.3860 1.0934 2.2815 2.5805 2.3991 2.4464 2.5725 2.9711 1.4387 2.2035 1.5970
CysRS_AF_Euk_Arabidopsis_thaliana_gene833874 2.1217 3.2309 2.1217 2.3231 2.1720 2.3292 2.4191 2.6907 2.3292 1.9280 1.9201 2.6729 1.9686 2.1516 1.6545 0.0000 2.5413 2.3111 2.6048 2.7181 2.5646 2.0510 1.3386 2.8156 2.7463 1.8480 2.5966 2.1982 3.0724 1.8123 2.0556 2.0740 2.0928 3.1133 2.7559 1.8853 3.7605 1.5562 2.0510 2.5110 3.5766 2.5805 2.3231 2.1120 1.4722 2.8469 1.7744
ArgRS_AF_Arch_Methanothermococcus_okinawensis_IH1_gene10773248 2.3540 2.9473 1.1485 1.2144 1.1365 2.5185 1.3075 1.3116 2.8792 2.3795 1.5377 1.0069 2.8575 1.2913 2.9014 2.5413 0.0000 1.2368 1.9811 1.7220 1.4293 5.1974 2.7953 2.7953 1.7349 3.3812 3.6651 1.5069 1.7189 3.4553 2.9473 2.3416 5.5190 2.0694 1.5915 2.4534 1.6664 2.9711 3.2787 1.3642 1.6604 1.3578 1.4458 1.3795 2.5805 1.6311 2.6554
ArgRS_PDB_Bact_1IQ0 1.9201 8.9438 1.2913 1.0585 1.1065 2.1365 1.1997 1.2675 1.9769 2.3292 1.5482 1.0098 2.4258 1.2520 1.9280 2.3111 1.2368 0.0000 2.6130 1.3281 1.4577 2.4963 2.1415 2.3051 1.5750 2.0928 2.6048 1.1961 1.6969 2.2643 2.7181 1.7949 2.7853 1.6724 1.6427 2.0286 1.3751 2.0024 2.4191 1.2144 1.6253 1.1925 1.6196 1.3407 2.2035 1.6846 2.0694
CysRS_AF_Vir_Megavirus_chiliensis_gene11257271 2.5036 2.2815 2.1316 2.5413 2.8363 2.0465 2.3171 2.4963 2.0111 2.1120 2.7559 2.3171 2.6382 3.4553 3.0995 2.6048 1.9811 2.6130 0.0000 2.9832 2.3991 3.0205 3.6883 2.2815 3.2154 3.2787 2.3416 3.5144 2.9014 2.7463 2.3416 2.1365 2.9473 3.0332 2.7953 1.9083 2.6998 2.8792 2.3292 2.4124 2.5966 2.7559 2.0740 3.2951 3.3812 3.8911 1.6026
ArgRS_AF_Bact_Chlamydia_psittaci_6BC_gene12242456 2.3416 2.7656 1.6082 0.9980 1.7284 2.6298 2.0375 1.5018 4.0669 3.0995 1.0585 1.4770 2.2089 1.6369 2.2815 2.7181 1.7220 1.3281 2.9832 0.0000 1.0902 2.4890 2.9356 2.4124 1.2913 2.1168 2.3540 1.6196 1.2598 2.4534 2.2035 2.1720 2.9473 1.6938 1.0647 1.9939 1.4770 2.2473 2.8363 0.9468 1.8088 0.9608 1.6456 1.2675 2.1168 1.0870 2.2306
ArgRS_AF_Euk_Thalassiosira_pseudonana_CCMP1335_gene7449555 2.2252 4.2322 1.8853 0.9692 1.5222 2.7559 1.7220 1.2833 2.8363 3.0995 0.9304 1.3449 3.0859 1.7000 2.2932 2.5646 1.4293 1.4577 2.3991 1.0902 0.0000 2.4464 2.7754 2.7463 1.8444 3.0995 2.9356 1.5273 1.3239 2.3111 3.3812 2.8054 2.8575 1.6311 1.1537 2.6818 1.2070 2.3795 2.6130 0.7870 1.7880 0.7077 1.8517 1.1231 3.7119 1.1382 2.7368
CysRS_AF_Bact_Mycobacterium_canettii_CIPT_140010059_gene45427568 1.5998 2.9241 3.3118 3.0461 3.2787 2.1415 3.1273 2.1720 2.0740 1.6969 2.3292 2.4818 2.0154 2.4057 1.6785 2.0510 5.1974 2.4963 3.0205 2.4890 2.4464 0.0000 1.8591 2.1668 2.1720 1.3884 2.0111 2.3603 2.9014 1.6785 1.9161 1.7544 1.5535 2.2143 3.0461 2.2252 3.5347 1.2482 1.7577 2.9955 2.7656 3.3459 2.5490 3.7605 1.8264 2.6818 1.9603
CysRS_AF_Euk_Micromonas_commoda_gene8246535 1.5377 2.5885 2.4604 2.7559 2.5336 1.9769 2.5336 2.9126 1.9201 1.4869 2.1720 2.9473 1.6815 2.3795 1.8158 1.3386 2.7953 2.1415 3.6883 2.9356 2.7754 1.8591 0.0000 2.0556 3.4363 1.7381 1.6082 2.1516 3.0205 1.9440 1.6369 1.4577 1.6785 3.0724 3.2951 1.8891 2.9473 1.4387 1.7812 2.6298 2.4604 2.7559 2.7656 2.7559 1.8665 3.2466 1.4529
CysRS_AF_Euk_Drosophila_melanogaster_gene36784 1.6545 2.9241 2.4258 3.7605 2.8683 0.6268 2.2035 2.5567 1.2520 2.3731 2.0740 2.2700 2.0375 2.3111 2.1668 2.8156 2.7953 2.3051 2.2815 2.4124 2.7463 2.1668 2.0556 0.0000 3.1852 2.5646 1.5069 3.1558 3.1852 1.8967 2.1168 2.0694 2.4191 2.7181 2.2035 1.6907 4.1308 2.9126 1.7031 2.6298 3.1852 2.6818 2.3540 2.5110 1.9603 2.0787 2.0648
ArgRS_AF_Mito_Homo_sapiens_gene57038 2.3416 3.2625 1.6969 1.5535 1.5970 3.1273 1.8158 1.4869 3.0461 2.3171 1.5860 1.7094 2.7559 1.6139 3.4944 2.7463 1.7349 1.5750 3.2154 1.2913 1.8444 2.1720 3.4363 3.1852 0.0000 6.3226 2.1929 1.7812 1.8229 2.1516 3.0995 2.2815 2.6818 2.1217 1.7611 3.1852 1.1065 2.4464 2.6468 1.4673 1.3840 1.6139 2.2815 1.5642 2.8902 1.7220 2.5567
CysRS_AF_Arch_Methanospirillum_hungatei_JF-1_gene3922979 1.5509 2.1668 3.1273 3.1558 3.5981 2.6641 2.9591 3.0859 2.1982 1.2368 2.7368 3.1133 1.5535 2.2700 1.2636 1.8480 3.3812 2.0928 3.2787 2.1168 3.0995 1.3884 1.7381 2.5646 6.3226 0.0000 2.0928 2.3416 5.6611 1.7479 1.3664 1.5018 1.4968 2.8156 2.5490 1.4201 3.2787 1.0902 1.4770 2.3051 3.0995 2.7368 2.4746 2.2143 1.6574 2.3171 1.2636
CysRS_AF_Euk_Cyanidioschyzon_merolae_strain_10D_gene16993418 1.7413 2.7368 2.5885 2.6130 2.4327 1.5145 2.7559 7.6844 1.7413 2.0465 2.3925 2.5490 1.7544 2.5725 2.0510 2.5966 3.6651 2.6048 2.3416 2.3540 2.9356 2.0111 1.6082 1.5069 2.1929 2.0928 0.0000 2.3540 2.6382 1.9603 1.8891 1.6427 1.6907 3.2154 2.6907 1.9562 2.9473 1.5170 1.5723 2.9241 2.6818 3.3118 2.6998 3.2466 1.6907 2.2815 2.2586
ArgRS_AF_Bact_Cupriavidus_taiwanensis_LMG_19424_gene29762022 2.2362 3.7605 1.5750 1.2144 1.5535 2.7656 0.9331 1.6664 2.5646 2.1316 1.4577 1.2293 2.3416 1.0461 2.1365 2.1982 1.5069 1.1961 3.5144 1.6196 1.5273 2.3603 2.1516 3.1558 1.7812 2.3416 2.3540 0.0000 1.8591 2.1365 3.3118 2.2252 2.0740 1.7677 1.5377 2.7559 1.2873 2.1668 2.1365 1.3492 1.5642 1.4869 1.2734 1.5970 2.1516 1.7157 2.6382
ArgRS_AF_Vir_Megavirus_chiliensis_gene11257368 2.9711 2.7754 2.0067 1.3034 1.7677 3.2466 1.8517 1.9603 2.9832 2.9955 1.3751 1.5069 3.3459 1.8229 2.7656 3.0724 1.7189 1.6969 2.9014 1.2598 1.3239 2.9014 3.0205 3.1852 1.8229 5.6611 2.6382 1.8591 0.0000 3.7360 2.7953 2.2932 4.3791 2.1772 1.2368 3.0205 1.6139 2.8575 3.7119 1.1925 2.1720 1.3239 1.6907 1.4064 3.7360 1.2482 3.3459
CysRS_AF_Bact_Treponema_pallidum_subsp_pertenue_str_SamoaD_gene57878631 1.6664 3.7360 3.0995 2.1316 2.8054 2.0787 2.1668 3.9761 2.0928 1.6196 2.3925 2.5110 1.5535 2.6818 1.6139 1.8123 3.4553 2.2643 2.7463 2.4534 2.3111 1.6785 1.9440 1.8967 2.1516 1.7479 1.9603 2.1365 3.7360 0.0000 2.1168 1.5696 1.6369 2.3540 2.6998 1.9939 2.2991 1.1997 1.7094 2.3860 2.2991 2.6130 2.1516 2.4395 1.6427 2.4395 1.7157
CysRS_AF_Arch_Aciduliprofundum_boonei_T469_gene8827372 1.8300 2.3171 2.4890 3.1273 2.7181 1.7413 2.7463 2.8683 2.1316 1.7220 2.5185 2.4604 1.4155 2.8156 1.8264 2.0556 2.9473 2.7181 2.3416 2.2035 3.3812 1.9161 1.6369 2.1168 3.0995 1.3664 1.8891 3.3118 2.7953 2.1168 0.0000 1.4625 1.6253 2.7559 2.6468 1.8158 3.8373 1.4481 1.9939 2.0375 2.5185 2.3416 3.0205 3.0724 1.6369 2.5490 1.5456
CysRS_AF_Arch_Pyrobaculum_ferrireducens_gene11593896 1.5642 2.6468 2.3667 2.4604 2.1668 2.0787 2.1465 2.4604 1.7914 1.3116 2.1217 2.4604 1.3492 2.3925 1.4577 2.0740 2.3416 1.7949 2.1365 2.1720 2.8054 1.7544 1.4577 2.0694 2.2815 1.5018 1.6427 2.2252 2.2932 1.5696 1.4625 0.0000 1.5273 3.0724 1.9122 1.4529 2.2306 1.3535 1.7252 2.8902 2.2035 2.7368 2.3925 2.7754 1.8158 2.0834 1.6253
CysRS_PDB_Bact_M_smegmatis_3C8Z 1.8665 3.1273 2.8792 2.4890 5.5190 2.6298 2.2252 3.3459 2.5185 1.6196 3.2154 4.1638 1.6196 3.3812 1.4387 2.0928 5.5190 2.7853 2.9473 2.9473 2.8575 1.5535 1.6785 2.4191 2.6818 1.4968 1.6907 2.0740 4.3791 1.6369 1.6253 1.5273 0.0000 2.2700 2.0648 2.1617 2.6214 1.2520 1.8665 3.3812 3.0461 4.9177 2.5646 4.6730 1.6938 2.3171 1.8591
ArgRS_AF_Arch_Desulfurococcus_mucosus_DSM_2162_gene10153309 2.7463 2.9711 1.9854 2.1516 1.7778 2.5260 1.9854 1.4968 2.3292 2.7559 1.7846 1.5832 3.1852 1.6604 2.7953 3.1133 2.0694 1.6724 3.0332 1.6938 1.6311 2.2143 3.0724 2.7181 2.1217 2.8156 3.2154 1.7677 2.1772 2.3540 2.7559 3.0724 2.2700 0.0000 1.8300 2.6214 1.8300 3.8112 2.7754 1.6785 2.2815 1.7062 1.7611 1.7349 2.8575 1.8891 2.7559
ArgRS_AF_Euk_Polyodon_spathula_gene121324634 2.6130 3.0995 1.8591 1.0338 1.6724 2.1720 2.0648 1.7949 2.6641 3.7360 0.9951 1.6253 4.0669 1.5456 2.4057 2.7559 1.5915 1.6427 2.7953 1.0647 1.1537 3.0461 3.2951 2.2035 1.7611 2.5490 2.6907 1.5377 1.2368 2.6998 2.6468 1.9122 2.0648 1.8300 0.0000 3.0205 1.5482 2.3991 3.1273 0.9951 1.7949 0.9678 1.6427 1.3621 2.6998 0.1865 3.1414
CysRS_AF_Bact_Prochlorococcus_marinus_subsp_marinus_str_CCMP1375_gene54200571 2.0556 3.4177 1.9939 2.7463 2.4675 1.9201 2.2529 3.0859 2.0465 1.6545 2.3111 2.2252 1.5970 2.9711 1.3492 1.8853 2.4534 2.0286 1.9083 1.9939 2.6818 2.2252 1.8891 1.6907 3.1852 1.4201 1.9562 2.7559 3.0205 1.9939 1.8158 1.4529 2.1617 2.6214 3.0205 0.0000 2.0198 1.4819 2.0881 2.2089 2.1566 2.1516 2.5805 2.1824 1.9521 2.3667 1.4943
ArgRS_PDB_Euk_S_cerevisiae_1BS2 2.8156 3.4553 1.7157 1.2754 1.3281 2.7181 1.6486 1.5120 2.7754 2.3171 1.5222 1.4041 2.5413 1.2993 2.3860 3.7605 1.6664 1.3751 2.6998 1.4770 1.2070 3.5347 2.9473 4.1308 1.1065 3.2787 2.9473 1.2873 1.6139 2.2991 3.8373 2.2306 2.6214 1.8300 1.5482 2.0198 0.0000 2.8792 3.4553 1.2387 1.4387 1.3281 2.1316 1.2598 3.2625 1.5805 3.3459
CysRS_PDB_Bact_E_coli_1LI5 1.5430 2.2815 2.6468 2.2143 2.5185 2.1617 2.2197 2.0375 2.1617 0.8931 3.0461 2.6130 1.2034 2.9591 1.0934 1.5562 2.9711 2.0024 2.8792 2.2473 2.3795 1.2482 1.4387 2.9126 2.4464 1.0902 1.5170 2.1668 2.8575 1.1997 1.4481 1.3535 1.2520 3.8112 2.3991 1.4819 2.8792 0.0000 1.6139 2.5036 2.4258 2.3925 2.3860 3.4944 0.9468 2.5413 1.2873
CysRS_AF_Mito_Morone_saxatilis_gene118339815 0.6939 3.1852 2.3171 2.4191 2.4464 1.9161 2.5490 2.9241 1.9280 2.1516 2.1415 2.4464 1.9360 2.1316 2.2815 2.0510 3.2787 2.4191 2.3292 2.8363 2.6130 1.7577 1.7812 1.7031 2.6468 1.4770 1.5723 2.1365 3.7119 1.7094 1.9939 1.7252 1.8665 2.7754 3.1273 2.0881 3.4553 1.6139 0.0000 2.4191 2.5490 2.9014 2.6641 2.6048 1.6969 2.6818 1.4869
ArgRS_AF_Bact_Prochlorococcus_marinus_subsp_marinus_str_CCMP1375_gene54199571 2.0375 3.9761 1.5018 0.8522 1.3599 2.6214 1.4869 1.3751 2.6130 2.4395 0.8931 1.2993 2.4057 1.4293 2.5805 2.5110 1.3642 1.2144 2.4124 0.9468 0.7870 2.9955 2.6298 2.6298 1.4673 2.3051 2.9241 1.3492 1.1925 2.3860 2.0375 2.8902 3.3812 1.6785 0.9951 2.2089 1.2387 2.5036 2.4191 0.0000 1.5482 0.2967 1.8229 1.0338 2.7368 1.0742 2.3171
ArgRS_AF_Mito_Caenorhabditis_elegans_gene174023 2.0928 3.9188 1.6969 1.7062 1.7094 3.1273 1.8929 2.1929 4.0360 2.3478 1.6545 1.8444 5.8119 1.7880 2.3991 3.5766 1.6604 1.6253 2.5966 1.8088 1.7880 2.7656 2.4604 3.1852 1.3840 3.0995 2.6818 1.5642 2.1720 2.2991 2.5185 2.2035 3.0461 2.2815 1.7949 2.1566 1.4387 2.4258 2.5490 1.5482 0.0000 1.6604 1.7479 1.7157 2.9126 1.7544 2.1668
ArgRS_AF_Euk_Paulinella_chromatophora_gene6481434 2.3416 3.2466 1.4434 0.8472 1.2813 2.4464 1.5222 1.3535 2.7089 3.1273 0.8750 1.2540 2.5036 1.6196 2.4464 2.5805 1.3578 1.1925 2.7559 0.9608 0.7077 3.3459 2.7559 2.6818 1.6139 2.7368 3.3118 1.4869 1.3239 2.6130 2.3416 2.7368 4.9177 1.7062 0.9678 2.1516 1.3281 2.3925 2.9014 0.2967 1.6604 0.0000 1.7677 1.0902 3.6200 1.0247 2.4604
ArgRS_AF_Bact_Brachyspira_pilosicoli_95_1000_gene56439668 2.8792 3.0079 1.5351 1.5120 1.5222 2.2932 1.0173 1.4201 3.1852 2.9014 1.7479 1.3492 2.1316 1.3157 2.5725 2.3231 1.4458 1.6196 2.0740 1.6456 1.8517 2.5490 2.7656 2.3540 2.2815 2.4746 2.6998 1.2734 1.6907 2.1516 3.0205 2.3925 2.5646 1.7611 1.6427 2.5805 2.1316 2.3860 2.6641 1.8229 1.7479 1.7677 0.0000 1.8665 2.2197 1.5696 2.2252
ArgRS_AF_Bact_Streptobacillus_moniliformis_DSM_12112_gene29674021 2.3603 2.1365 1.6311 1.1676 1.2559 2.3416 1.3664 1.2913 2.8054 3.7605 1.1434 1.0999 2.2932 1.4458 2.9711 2.1120 1.3795 1.3407 3.2951 1.2675 1.1231 3.7605 2.7559 2.5110 1.5642 2.2143 3.2466 1.5970 1.4064 2.4395 3.0724 2.7754 4.6730 1.7349 1.3621 2.1824 1.2598 3.4944 2.6048 1.0338 1.7157 1.0902 1.8665 0.0000 2.2035 1.2368 2.6298
CysRS_AF_Bact_Lactobacillus_amylovorus_GRL1118_gene66523130 1.7157 2.3540 2.5110 2.5336 2.0602 2.1824 2.1566 2.4057 1.8517 1.2293 2.3795 2.5036 1.3365 2.9014 1.4387 1.4722 2.5805 2.2035 3.3812 2.1168 3.7119 1.8264 1.8665 1.9603 2.8902 1.6574 1.6907 2.1516 3.7360 1.6427 1.6369 1.8158 1.6938 2.8575 2.6998 1.9521 3.2625 0.9468 1.6969 2.7368 2.9126 3.6200 2.2197 2.2035 0.0000 2.6641 1.2368
ArgRS_AF_Euk_Homo_sapiens_gene5917 2.1217 3.0332 1.6196 1.0522 1.6634 2.1071 1.9521 1.7544 2.5567 2.6641 1.0934 1.3708 3.3118 1.5915 2.2035 2.8469 1.6311 1.6846 3.8911 1.0870 1.1382 2.6818 3.2466 2.0787 1.7220 2.3171 2.2815 1.7157 1.2482 2.4395 2.5490 2.0834 2.3171 1.8891 0.1865 2.3667 1.5805 2.5413 2.6818 1.0742 1.7544 1.0247 1.5696 1.2368 2.6641 0.0000 2.7089
CysRS_AF_Bact_Streptobacillus_moniliformis_DSM_12112_gene29673427 1.6969 2.0740 2.1316 2.9241 1.8300 2.0465 3.4553 2.2932 2.0198 1.6754 2.5805 2.6214 1.3281 3.4747 1.5970 1.7744 2.6554 2.0694 1.6026 2.2306 2.7368 1.9603 1.4529 2.0648 2.5567 1.2636 2.2586 2.6382 3.3459 1.7157 1.5456 1.6253 1.8591 2.7559 3.1414 1.4943 3.3459 1.2873 1.4869 2.3171 2.1668 2.4604 2.2252 2.6298 1.2368 2.7089 0.0000
