47
CysRS_AF_Mito_Homo_sapiens_gene79587 0.0000 0.9095 0.8460 0.8350 0.8730 0.7775 0.8600 0.8910 0.8270 0.7590 0.8510 0.8225 0.8290 0.8095 0.7370 0.8350 0.8560 0.8120 0.8670 0.8550 0.8450 0.7635 0.7520 0.7730 0.8550 0.7545 0.7870 0.8460 0.8920 0.7750 0.8000 0.7570 0.8050 0.8815 0.8740 0.8280 0.8850 0.7530 0.4890 0.8260 0.8320 0.8550 0.8880 0.8565 0.7830 0.8350 0.7800
CysRS_AF_Bact_Mycoplasma_hyopneumoniae_168-L_gene57101512 0.9095 0.0000 0.8925 0.8830 0.9180 0.8620 0.9205 0.9050 0.8150 0.8920 0.8945 0.9000 0.8180 0.9730 0.8800 0.9015 0.8910 0.9510 0.8500 0.8825 0.9230 0.8900 0.8725 0.8900 0.9025 0.8395 0.8810 0.9150 0.8830 0.9145 0.8530 0.8760 0.8980 0.8920 0.8970 0.9070 0.9080 0.8500 0.9000 0.9190 0.9180 0.9020 0.8935 0.8365 0.8560 0.8945 0.8300
ArgRS_AF_Bact_Mycoplasma_hyopneumoniae_168-L_gene57100855 0.8460 0.8925 0.0000 0.7440 0.6705 0.8590 0.6670 0.7800 0.8485 0.8085 0.7660 0.6920 0.8760 0.7290 0.8480 0.8350 0.6595 0.6980 0.8360 0.7650 0.8075 0.9040 0.8640 0.8615 0.7800 0.8980 0.8725 0.7590 0.8225 0.8970 0.8660 0.8570 0.8880 0.8200 0.8040 0.8210 0.7830 0.8760 0.8530 0.7450 0.7800 0.7330 0.7515 0.7690 0.8675 0.7670 0.8360
ArgRS_AF_Bact_Escherichia_coli_O157:H7_str._Sakai_gene912519 0.8350 0.8830 0.7440 0.0000 0.7150 0.8815 0.7150 0.6920 0.8900 0.8575 0.6510 0.6530 0.8975 0.7500 0.8990 0.8535 0.6780 0.6320 0.8695 0.6120 0.6020 0.8950 0.8820 0.9150 0.7550 0.8990 0.8740 0.6780 0.7010 0.8360 0.8980 0.8640 0.8660 0.8380 0.6240 0.8815 0.6940 0.8440 0.8610 0.5580 0.7815 0.5560 0.7470 0.6650 0.8690 0.6300 0.8900
ArgRS_AF_Arch_Candidatus_Nitrosopumilus_sediminis_gene13697696 0.8730 0.9180 0.6705 0.7150 0.0000 0.8845 0.6740 0.6440 0.8730 0.9160 0.6975 0.6560 0.8370 0.6790 0.8350 0.8400 0.6560 0.6470 0.8860 0.7850 0.7490 0.9030 0.8690 0.8875 0.7630 0.9115 0.8620 0.7550 0.7910 0.8845 0.8800 0.8395 0.9360 0.7925 0.7760 0.8645 0.7070 0.8680 0.8630 0.7145 0.7820 0.6955 0.7490 0.6890 0.8285 0.7745 0.8000
CysRS_AF_Euk_Homo_sapiens_gene833 0.7775 0.8620 0.8590 0.8815 0.8845 0.0000 0.8245 0.8945 0.7190 0.8500 0.8600 0.8290 0.8075 0.8555 0.8325 0.8540 0.8680 0.8365 0.8270 0.8750 0.8820 0.8370 0.8190 0.4560 0.8980 0.8770 0.7475 0.8825 0.9020 0.8305 0.7870 0.8305 0.8750 0.8685 0.8400 0.8120 0.8800 0.8390 0.8115 0.8745 0.8980 0.8630 0.8510 0.8550 0.8410 0.8335 0.8270
ArgRS_AF_Bact_Anoxybacillus_flavithermus_WK1_gene7039015 0.8600 0.9205 0.6670 0.7150 0.6740 0.8245 0.0000 0.7260 0.8410 0.9095 0.7540 0.6400 0.8680 0.5820 0.8530 0.8610 0.7020 0.6740 0.8530 0.8260 0.7840 0.8980 0.8690 0.8430 0.7980 0.8915 0.8820 0.5890 0.8030 0.8395 0.8815 0.8375 0.8450 0.8200 0.8290 0.8475 0.7720 0.8445 0.8700 0.7420 0.8085 0.7490 0.6185 0.7160 0.8385 0.8160 0.9080
ArgRS_AF_Arch_Candidatus_Korarchaeum_cryptofilum_OPF8_gene6093502 0.8910 0.9050 0.7800 0.6920 0.6440 0.8945 0.7260 0.0000 0.8585 0.8595 0.7930 0.5335 0.8750 0.7405 0.8840 0.8785 0.7030 0.6920 0.8665 0.7450 0.6960 0.8400 0.8895 0.8705 0.7420 0.8965 0.9470 0.7750 0.8170 0.9190 0.8875 0.8640 0.9050 0.7440 0.7950 0.8965 0.7470 0.8260 0.8900 0.7180 0.8420 0.7130 0.7280 0.6980 0.8600 0.7890 0.8510
CysRS_AF_Mito_Saccharomyces_cerevisiae_S288C_gene855474 0.8270 0.8150 0.8485 0.8900 0.8730 0.7190 0.8410 0.8585 0.0000 0.8830 0.8800 0.8820 0.8300 0.8770 0.8715 0.8540 0.8880 0.8190 0.8230 0.9205 0.8860 0.8300 0.8120 0.6880 0.8950 0.8425 0.7870 0.8710 0.8925 0.8320 0.8360 0.7945 0.8680 0.8540 0.8770 0.8270 0.8830 0.8390 0.8130 0.8740 0.9200 0.8795 0.9000 0.8845 0.8030 0.8705 0.8240
CysRS_AF_Bact_Bordetella_avium_197N_gene41394405 0.7590 0.8920 0.8085 0.8575 0.9160 0.8500 0.9095 0.8595 0.8830 0.0000 0.8900 0.9205 0.8125 0.8210 0.7160 0.8130 0.8580 0.8540 0.8340 0.8970 0.8970 0.7800 0.7420 0.8575 0.8530 0.6840 0.8270 0.8360 0.8930 0.7670 0.7840 0.7030 0.7670 0.8820 0.9145 0.7730 0.8530 0.5740 0.8380 0.8625 0.8555 0.8980 0.8890 0.9150 0.6820 0.8770 0.7765
ArgRS_AF_Euk_Micromonas_commoda_gene8250062 0.8510 0.8945 0.7660 0.6510 0.6975 0.8600 0.7540 0.7930 0.8800 0.8900 0.0000 0.7315 0.8670 0.7820 0.8655 0.8120 0.7520 0.7540 0.8820 0.6320 0.5880 0.8540 0.8400 0.8300 0.7610 0.8810 0.8590 0.7360 0.7180 0.8590 0.8680 0.8350 0.9010 0.7935 0.6110 0.8525 0.7490 0.8950 0.8370 0.5740 0.7730 0.5670 0.7880 0.6580 0.8580 0.6430 0.8720
ArgRS_PDB_Arch_2ZUF 0.8225 0.9000 0.6920 0.6530 0.6560 0.8290 0.6400 0.5335 0.8820 0.9205 0.7315 0.0000 0.8380 0.6540 0.9095 0.8775 0.6150 0.6160 0.8530 0.7400 0.7110 0.8655 0.8910 0.8490 0.7820 0.8975 0.8700 0.6820 0.7460 0.8675 0.8640 0.8640 0.9220 0.7605 0.7680 0.8450 0.7245 0.8740 0.8630 0.7000 0.8020 0.6885 0.7120 0.6450 0.8670 0.7170 0.8745
CysRS_AF_Arch_Candidatus_Nitrosopumilus_sediminis_gene13696907 0.8290 0.8180 0.8760 0.8975 0.8370 0.8075 0.8680 0.8750 0.8300 0.8125 0.8670 0.8380 0.0000 0.9080 0.8260 0.8180 0.8870 0.8615 0.8755 0.8435 0.8965 0.8235 0.7775 0.8260 0.8820 0.7550 0.7890 0.8550 0.9050 0.7550 0.7270 0.7120 0.7670 0.9000 0.9205 0.7630 0.8695 0.6750 0.8140 0.8600 0.9380 0.8670 0.8360 0.8510 0.7090 0.9040 0.7070
ArgRS_AF_Bact_Corynebacterium_ulcerans_809_gene75260071 0.8095 0.9730 0.7290 0.7500 0.6790 0.8555 0.5820 0.7405 0.8770 0.8210 0.7820 0.6540 0.9080 0.0000 0.8810 0.8380 0.6980 0.6880 0.9080 0.7700 0.7805 0.8600 0.8580 0.8525 0.7660 0.8490 0.8715 0.6280 0.7990 0.8780 0.8850 0.8590 0.9060 0.7740 0.7535 0.8920 0.7000 0.8915 0.8360 0.7300 0.7940 0.7670 0.7040 0.7335 0.8890 0.7620 0.9085
CysRS_AF_Bact_Porphyromonas_gingivalis_ATCC_33277_gene29256960 0.7370 0.8800 0.8480 0.8990 0.8350 0.8325 0.8530 0.8840 0.8715 0.7160 0.8655 0.9095 0.8260 0.8810 0.0000 0.7730 0.8890 0.8130 0.8970 0.8500 0.8510 0.7770 0.7980 0.8395 0.9090 0.6910 0.8275 0.8365 0.8825 0.7660 0.7995 0.7360 0.7320 0.8840 0.8600 0.7120 0.8585 0.6430 0.8500 0.8720 0.8595 0.8630 0.8715 0.8920 0.7320 0.8430 0.7630
CysRS_AF_Euk_Arabidopsis_thaliana_gene833874 0.8350 0.9015 0.8350 0.8535 0.8400 0.8540 0.8610 0.8785 0.8540 0.8130 0.8120 0.8775 0.8180 0.8380 0.7730 0.0000 0.8695 0.8525 0.8735 0.8800 0.8710 0.8275 0.7095 0.8850 0.8815 0.8025 0.8730 0.8425 0.8960 0.7975 0.8280 0.8300 0.8320 0.8975 0.8820 0.8075 0.9150 0.7555 0.8275 0.8675 0.9110 0.8720 0.8535 0.8340 0.7390 0.8865 0.7920
ArgRS_AF_Arch_Methanothermococcus_okinawensis_IH1_gene10773248 0.8560 0.8910 0.6595 0.6780 0.6560 0.8680 0.7020 0.7030 0.8880 0.8580 0.7520 0.6150 0.8870 0.6980 0.8890 0.8695 0.0000 0.6840 0.8195 0.7840 0.7300 0.9335 0.8840 0.8840 0.7860 0.9060 0.9130 0.7460 0.7835 0.9080 0.8910 0.8550 0.9360 0.8295 0.7620 0.8635 0.7750 0.8920 0.9030 0.7155 0.7740 0.7140 0.7335 0.7190 0.8720 0.7690 0.8765
ArgRS_PDB_Bact_1IQ0 0.8120 0.9510 0.6980 0.6320 0.6470 0.8365 0.6740 0.6920 0.8190 0.8540 0.7540 0.6160 0.8615 0.6880 0.8130 0.8525 0.6840 0.0000 0.8740 0.7070 0.7360 0.8665 0.8370 0.8520 0.7590 0.8320 0.8735 0.6730 0.7800 0.8485 0.8800 0.7950 0.8835 0.7760 0.7710 0.8250 0.7180 0.8220 0.8610 0.6780 0.7680 0.6720 0.7670 0.7100 0.8430 0.7780 0.8295
CysRS_AF_Vir_Megavirus_chiliensis_gene11257271 0.8670 0.8500 0.8360 0.8695 0.8860 0.8270 0.8530 0.8665 0.8230 0.8340 0.8820 0.8530 0.8755 0.9080 0.8970 0.8735 0.8195 0.8740 0.0000 0.8925 0.8595 0.8940 0.9135 0.8500 0.9010 0.9030 0.8550 0.9095 0.8890 0.8815 0.8550 0.8365 0.8910 0.8945 0.8840 0.8105 0.8790 0.8880 0.8540 0.8605 0.8730 0.8820 0.8300 0.9035 0.9060 0.9175 0.7640
ArgRS_AF_Bact_Chlamydia_psittaci_6BC_gene12242456 0.8550 0.8825 0.7650 0.6120 0.7850 0.8750 0.8260 0.7450 0.9205 0.8970 0.6320 0.7400 0.8435 0.7700 0.8500 0.8800 0.7840 0.7070 0.8925 0.0000 0.6420 0.8660 0.8905 0.8605 0.6980 0.8345 0.8560 0.7670 0.6900 0.8635 0.8430 0.8400 0.8910 0.7795 0.6340 0.8210 0.7400 0.8470 0.8860 0.5940 0.7970 0.5990 0.7715 0.6920 0.8345 0.6410 0.8455
ArgRS_AF_Euk_Thalassiosira_pseudonana_CCMP1335_gene7449555 0.8450 0.9230 0.8075 0.6020 0.7490 0.8820 0.7840 0.6960 0.8860 0.8970 0.5880 0.7110 0.8965 0.7805 0.8510 0.8710 0.7300 0.7360 0.8595 0.6420 0.0000 0.8630 0.8830 0.8815 0.8020 0.8970 0.8905 0.7500 0.7060 0.8525 0.9060 0.8845 0.8870 0.7690 0.6610 0.8780 0.6760 0.8580 0.8740 0.5310 0.7940 0.4955 0.8030 0.6520 0.9140 0.6565 0.8810
CysRS_AF_Bact_Mycobacterium_canettii_CIPT_140010059_gene45427568 0.7635 0.8900 0.9040 0.8950 0.9030 0.8370 0.8980 0.8400 0.8300 0.7800 0.8540 0.8655 0.8235 0.8600 0.7770 0.8275 0.9335 0.8665 0.8940 0.8660 0.8630 0.0000 0.8040 0.8395 0.8400 0.7210 0.8230 0.8565 0.8890 0.7770 0.8115 0.7890 0.7550 0.8440 0.8950 0.8450 0.9100 0.6870 0.7895 0.8930 0.8825 0.9050 0.8700 0.9150 0.7995 0.8780 0.8170
CysRS_AF_Euk_Micromonas_commoda_gene8246535 0.7520 0.8725 0.8640 0.8820 0.8690 0.8190 0.8690 0.8895 0.8120 0.7420 0.8400 0.8910 0.7775 0.8580 0.7980 0.7095 0.8840 0.8370 0.9135 0.8905 0.8830 0.8040 0.0000 0.8280 0.9075 0.7865 0.7650 0.8380 0.8940 0.8150 0.7700 0.7360 0.7770 0.8960 0.9035 0.8080 0.8910 0.7320 0.7930 0.8750 0.8640 0.8820 0.8825 0.8820 0.8050 0.9020 0.7350
CysRS_AF_Euk_Drosophila_melanogaster_gene36784 0.7730 0.8900 0.8615 0.9150 0.8875 0.4560 0.8430 0.8705 0.6880 0.8575 0.8300 0.8490 0.8260 0.8525 0.8395 0.8850 0.8840 0.8520 0.8500 0.8605 0.8815 0.8395 0.8280 0.0000 0.9000 0.8710 0.7460 0.8990 0.9000 0.8090 0.8345 0.8295 0.8610 0.8800 0.8430 0.7790 0.9215 0.8895 0.7810 0.8750 0.9000 0.8780 0.8560 0.8675 0.8170 0.8305 0.8290
ArgRS_AF_Mito_Homo_sapiens_gene57038 0.8550 0.9025 0.7800 0.7550 0.7630 0.8980 0.7980 0.7420 0.8950 0.8530 0.7610 0.7820 0.8820 0.7660 0.9090 0.8815 0.7860 0.7590 0.9010 0.6980 0.8020 0.8400 0.9075 0.9000 0.0000 0.9410 0.8420 0.7930 0.7990 0.8380 0.8970 0.8500 0.8780 0.8350 0.7900 0.9000 0.6470 0.8630 0.8760 0.7380 0.7200 0.7660 0.8500 0.7570 0.8885 0.7840 0.8705
CysRS_AF_Arch_Methanospirillum_hungatei_JF-1_gene3922979 0.7545 0.8395 0.8980 0.8990 0.9115 0.8770 0.8915 0.8965 0.8425 0.6840 0.8810 0.8975 0.7550 0.8490 0.6910 0.8025 0.9060 0.8320 0.9030 0.8345 0.8970 0.7210 0.7865 0.8710 0.9410 0.0000 0.8320 0.8550 0.9370 0.7880 0.7160 0.7450 0.7440 0.8850 0.8700 0.7280 0.9030 0.6420 0.7400 0.8520 0.8970 0.8810 0.8650 0.8440 0.7735 0.8530 0.6910
CysRS_AF_Euk_Cyanidioschyzon_merolae_strain_10D_gene16993418 0.7870 0.8810 0.8725 0.8740 0.8620 0.7475 0.8820 0.9470 0.7870 0.8270 0.8590 0.8700 0.7890 0.8715 0.8275 0.8730 0.9130 0.8735 0.8550 0.8560 0.8905 0.8230 0.7650 0.7460 0.8420 0.8320 0.0000 0.8560 0.8755 0.8170 0.8080 0.7710 0.7790 0.9010 0.8785 0.8165 0.8910 0.7480 0.7585 0.8900 0.8780 0.9040 0.8790 0.9020 0.7790 0.8500 0.8480
ArgRS_AF_Bact_Cupriavidus_taiwanensis_LMG_19424_gene29762022 0.8460 0.9150 0.7590 0.6780 0.7550 0.8825 0.5890 0.7750 0.8710 0.8360 0.7360 0.6820 0.8550 0.6280 0.8365 0.8425 0.7460 0.6730 0.9095 0.7670 0.7500 0.8565 0.8380 0.8990 0.7930 0.8550 0.8560 0.0000 0.8040 0.8365 0.9040 0.8450 0.8300 0.7910 0.7520 0.8820 0.6970 0.8395 0.8365 0.7120 0.7570 0.7420 0.6935 0.7630 0.8380 0.7830 0.8755
ArgRS_AF_Vir_Megavirus_chiliensis_gene11257368 0.8920 0.8830 0.8225 0.7010 0.7910 0.9020 0.8030 0.8170 0.8925 0.8930 0.7180 0.7460 0.9050 0.7990 0.8825 0.8960 0.7835 0.7800 0.8890 0.6900 0.7060 0.8890 0.8940 0.9000 0.7990 0.9370 0.8755 0.8040 0.0000 0.9145 0.8840 0.8510 0.9250 0.8405 0.6840 0.8940 0.7660 0.8870 0.9140 0.6720 0.8400 0.7060 0.7790 0.7250 0.9145 0.6870 0.9050
CysRS_AF_Bact_Treponema_pallidum_subsp_pertenue_str_SamoaD_gene57878631 0.7750 0.9145 0.8970 0.8360 0.8845 0.8305 0.8395 0.9190 0.8320 0.7670 0.8590 0.8675 0.7550 0.8780 0.7660 0.7975 0.9080 0.8485 0.8815 0.8635 0.8525 0.7770 0.8150 0.8090 0.8380 0.7880 0.8170 0.8365 0.9145 0.0000 0.8345 0.7580 0.7700 0.8560 0.8790 0.8210 0.8515 0.6740 0.7820 0.8585 0.8515 0.8740 0.8380 0.8625 0.7710 0.8625 0.7830
CysRS_AF_Arch_Aciduliprofundum_boonei_T469_gene8827372 0.8000 0.8530 0.8660 0.8980 0.8800 0.7870 0.8815 0.8875 0.8360 0.7840 0.8680 0.8640 0.7270 0.8850 0.7995 0.8280 0.8910 0.8800 0.8550 0.8430 0.9060 0.8115 0.7700 0.8345 0.8970 0.7160 0.8080 0.9040 0.8840 0.8345 0.0000 0.7370 0.7680 0.8820 0.8760 0.7980 0.9165 0.7340 0.8210 0.8260 0.8680 0.8550 0.8940 0.8960 0.7700 0.8700 0.7535
CysRS_AF_Arch_Pyrobaculum_ferrireducens_gene11593896 0.7570 0.8760 0.8570 0.8640 0.8395 0.8305 0.8375 0.8640 0.7945 0.7030 0.8350 0.8640 0.7120 0.8590 0.7360 0.8300 0.8550 0.7950 0.8365 0.8400 0.8845 0.7890 0.7360 0.8295 0.8500 0.7450 0.7710 0.8450 0.8510 0.7580 0.7370 0.0000 0.7500 0.8960 0.8110 0.7350 0.8455 0.7130 0.7845 0.8885 0.8430 0.8810 0.8590 0.8830 0.7980 0.8310 0.7680
CysRS_PDB_Bact_M_smegmatis_3C8Z 0.8050 0.8980 0.8880 0.8660 0.9360 0.8750 0.8450 0.9050 0.8680 0.7670 0.9010 0.9220 0.7670 0.9060 0.7320 0.8320 0.9360 0.8835 0.8910 0.8910 0.8870 0.7550 0.7770 0.8610 0.8780 0.7440 0.7790 0.8300 0.9250 0.7700 0.7680 0.7500 0.0000 0.8490 0.8290 0.8390 0.8745 0.6880 0.8050 0.9060 0.8950 0.9310 0.8710 0.9285 0.7795 0.8530 0.8040
ArgRS_AF_Arch_Desulfurococcus_mucosus_DSM_2162_gene10153309 0.8815 0.8920 0.8200 0.8380 0.7925 0.8685 0.8200 0.7440 0.8540 0.8820 0.7935 0.7605 0.9000 0.7740 0.8840 0.8975 0.8295 0.7760 0.8945 0.7795 0.7690 0.8440 0.8960 0.8800 0.8350 0.8850 0.9010 0.7910 0.8405 0.8560 0.8820 0.8960 0.8490 0.0000 0.8000 0.8745 0.8000 0.9160 0.8830 0.7770 0.8500 0.7815 0.7900 0.7860 0.8870 0.8080 0.8820
ArgRS_AF_Euk_Polyodon_spathula_gene121324634 0.8740 0.8970 0.8040 0.6240 0.7760 0.8400 0.8290 0.7950 0.8770 0.9145 0.6110 0.7680 0.9205 0.7535 0.8600 0.8820 0.7620 0.7710 0.8840 0.6340 0.6610 0.8950 0.9035 0.8430 0.7900 0.8700 0.8785 0.7520 0.6840 0.8790 0.8760 0.8110 0.8290 0.8000 0.0000 0.8940 0.7540 0.8595 0.8980 0.6110 0.7950 0.6015 0.7710 0.7150 0.8790 0.1690 0.8985
CysRS_AF_Bact_Prochlorococcus_marinus_subsp_marinus_str_CCMP1375_gene54200571 0.8280 0.9070 0.8210 0.8815 0.8645 0.8120 0.8475 0.8965 0.8270 0.7730 0.8525 0.8450 0.7630 0.8920 0.7120 0.8075 0.8635 0.8250 0.8105 0.8210 0.8780 0.8450 0.8080 0.7790 0.9000 0.7280 0.8165 0.8820 0.8940 0.8210 0.7980 0.7350 0.8390 0.8745 0.8940 0.0000 0.8240 0.7410 0.8315 0.8435 0.8385 0.8380 0.8720 0.8410 0.8160 0.8570 0.7435
ArgRS_PDB_Euk_S_cerevisiae_1BS2 0.8850 0.9080 0.7830 0.6940 0.7070 0.8800 0.7720 0.7470 0.8830 0.8530 0.7490 0.7245 0.8695 0.7000 0.8585 0.9150 0.7750 0.7180 0.8790 0.7400 0.6760 0.9100 0.8910 0.9215 0.6470 0.9030 0.8910 0.6970 0.7660 0.8515 0.9165 0.8455 0.8745 0.8000 0.7540 0.8240 0.0000 0.8880 0.9080 0.6845 0.7320 0.7070 0.8360 0.6900 0.9025 0.7600 0.9050
CysRS_PDB_Bact_E_coli_1LI5 0.7530 0.8500 0.8760 0.8440 0.8680 0.8390 0.8445 0.8260 0.8390 0.5740 0.8950 0.8740 0.6750 0.8915 0.6430 0.7555 0.8920 0.8220 0.8880 0.8470 0.8580 0.6870 0.7320 0.8895 0.8630 0.6420 0.7480 0.8395 0.8870 0.6740 0.7340 0.7130 0.6880 0.9160 0.8595 0.7410 0.8880 0.0000 0.7660 0.8670 0.8615 0.8590 0.8585 0.9090 0.5940 0.8695 0.6970
CysRS_AF_Mito_Morone_saxatilis_gene118339815 0.4890 0.9000 0.8530 0.8610 0.8630 0.8115 0.8700 0.8900 0.8130 0.8380 0.8370 0.8630 0.8140 0.8360 0.8500 0.8275 0.9030 0.8610 0.8540 0.8860 0.8740 0.7895 0.7930 0.7810 0.8760 0.7400 0.7585 0.8365 0.9140 0.7820 0.8210 0.7845 0.8050 0.8830 0.8980 0.8315 0.9080 0.7660 0.0000 0.8610 0.8700 0.8890 0.8770 0.8735 0.7800 0.8780 0.7420
ArgRS_AF_Bact_Prochlorococcus_marinus_subsp_marinus_str_CCMP1375_gene54199571 0.8260 0.9190 0.7450 0.5580 0.7145 0.8745 0.7420 0.7180 0.8740 0.8625 0.5740 0.7000 0.8600 0.7300 0.8720 0.8675 0.7155 0.6780 0.8605 0.5940 0.5310 0.8930 0.8750 0.8750 0.7380 0.8520 0.8900 0.7120 0.6720 0.8585 0.8260 0.8885 0.9060 0.7770 0.6110 0.8435 0.6845 0.8670 0.8610 0.0000 0.7540 0.2540 0.7990 0.6240 0.8810 0.6370 0.8530
ArgRS_AF_Mito_Caenorhabditis_elegans_gene174023 0.8320 0.9180 0.7800 0.7815 0.7820 0.8980 0.8085 0.8420 0.9200 0.8555 0.7730 0.8020 0.9380 0.7940 0.8595 0.9110 0.7740 0.7680 0.8730 0.7970 0.7940 0.8825 0.8640 0.9000 0.7200 0.8970 0.8780 0.7570 0.8400 0.8515 0.8680 0.8430 0.8950 0.8500 0.7950 0.8385 0.7320 0.8615 0.8700 0.7540 0.0000 0.7740 0.7880 0.7830 0.8895 0.7890 0.8395
ArgRS_AF_Euk_Paulinella_chromatophora_gene6481434 0.8550 0.9020 0.7330 0.5560 0.6955 0.8630 0.7490 0.7130 0.8795 0.8980 0.5670 0.6885 0.8670 0.7670 0.8630 0.8720 0.7140 0.6720 0.8820 0.5990 0.4955 0.9050 0.8820 0.8780 0.7660 0.8810 0.9040 0.7420 0.7060 0.8740 0.8550 0.8810 0.9310 0.7815 0.6015 0.8380 0.7070 0.8590 0.8890 0.2540 0.7740 0.0000 0.7910 0.6420 0.9120 0.6210 0.8640
ArgRS_AF_Bact_Brachyspira_pilosicoli_95_1000_gene56439668 0.8880 0.8935 0.7515 0.7470 0.7490 0.8510 0.6185 0.7280 0.9000 0.8890 0.7880 0.7120 0.8360 0.7040 0.8715 0.8535 0.7335 0.7670 0.8300 0.7715 0.8030 0.8700 0.8825 0.8560 0.8500 0.8650 0.8790 0.6935 0.7790 0.8380 0.8940 0.8590 0.8710 0.7900 0.7710 0.8720 0.8360 0.8585 0.8770 0.7990 0.7880 0.7910 0.0000 0.8050 0.8445 0.7580 0.8450
ArgRS_AF_Bact_Streptobacillus_moniliformis_DSM_12112_gene29674021 0.8565 0.8365 0.7690 0.6650 0.6890 0.8550 0.7160 0.6980 0.8845 0.9150 0.6580 0.6450 0.8510 0.7335 0.8920 0.8340 0.7190 0.7100 0.9035 0.6920 0.6520 0.9150 0.8820 0.8675 0.7570 0.8440 0.9020 0.7630 0.7250 0.8625 0.8960 0.8830 0.9285 0.7860 0.7150 0.8410 0.6900 0.9090 0.8735 0.6240 0.7830 0.6420 0.8050 0.0000 0.8430 0.6840 0.8750
CysRS_AF_Bact_Lactobacillus_amylovorus_GRL1118_gene66523130 0.7830 0.8560 0.8675 0.8690 0.8285 0.8410 0.8385 0.8600 0.8030 0.6820 0.8580 0.8670 0.7090 0.8890 0.7320 0.7390 0.8720 0.8430 0.9060 0.8345 0.9140 0.7995 0.8050 0.8170 0.8885 0.7735 0.7790 0.8380 0.9145 0.7710 0.7700 0.7980 0.7795 0.8870 0.8790 0.8160 0.9025 0.5940 0.7800 0.8810 0.8895 0.9120 0.8445 0.8430 0.0000 0.8770 0.6840
ArgRS_AF_Euk_Homo_sapiens_gene5917 0.8350 0.8945 0.7670 0.6300 0.7745 0.8335 0.8160 0.7890 0.8705 0.8770 0.6430 0.7170 0.9040 0.7620 0.8430 0.8865 0.7690 0.7780 0.9175 0.6410 0.6565 0.8780 0.9020 0.8305 0.7840 0.8530 0.8500 0.7830 0.6870 0.8625 0.8700 0.8310 0.8530 0.8080 0.1690 0.8570 0.7600 0.8695 0.8780 0.6370 0.7890 0.6210 0.7580 0.6840 0.8770 0.0000 0.8795
CysRS_AF_Bact_Streptobacillus_moniliformis_DSM_12112_gene29673427 0.7800 0.8300 0.8360 0.8900 0.8000 0.8270 0.9080 0.8510 0.8240 0.7765 0.8720 0.8745 0.7070 0.9085 0.7630 0.7920 0.8765 0.8295 0.7640 0.8455 0.8810 0.8170 0.7350 0.8290 0.8705 0.6910 0.8480 0.8755 0.9050 0.7830 0.7535 0.7680 0.8040 0.8820 0.8985 0.7435 0.9050 0.6970 0.7420 0.8530 0.8395 0.8640 0.8450 0.8750 0.6840 0.8795 0.0000
