47
ArgRS_AF_Bact_Streptobacillus_moniliformis_DSM_12112_gene29674021 0.0000 0.5094 0.2393 0.2285 0.5101 0.2246 0.5629 0.2527 0.1960 0.5720 0.1905 0.1622 0.1801 0.1560 0.3092 0.5937 0.1751 0.6441 0.1665 0.1907 0.4669 0.6208 0.1743 0.7321 0.5338 0.2260 0.1986 0.1862 0.5656 0.2114 0.1591 0.4337 0.1337 0.5653 0.4411 0.5423 0.5089 0.4874 0.4752 0.6089 0.4354 0.2298 0.4701 0.5322 0.1745 0.6038 0.3068
CysRS_AF_Euk_Cyanidioschyzon_merolae_strain_10D_gene16993418 0.5094 0.0000 0.4816 0.4997 0.2403 0.5097 0.3218 0.5219 0.5885 0.4341 0.5374 0.4876 0.4554 0.4227 0.4602 0.3236 0.5043 0.3684 0.5111 0.4918 0.2169 0.4885 0.5007 0.3290 0.2442 0.5287 0.5031 0.4472 0.4105 0.4595 0.4377 0.3108 0.4088 0.3447 0.3645 0.3761 0.2486 0.2901 0.2381 0.3679 0.1864 0.4175 0.2277 0.2941 0.5308 0.3179 0.5502
ArgRS_AF_Bact_Brachyspira_pilosicoli_95_1000_gene56439668 0.2393 0.4816 0.0000 0.2836 0.4888 0.3052 0.4644 0.1913 0.2681 0.5016 0.3042 0.3437 0.2390 0.2447 0.1710 0.5979 0.2339 0.6257 0.2358 0.2312 0.5245 0.6517 0.1582 0.5463 0.4581 0.2857 0.2392 0.1892 0.5815 0.3762 0.2868 0.4793 0.2708 0.5970 0.5333 0.5750 0.4879 0.5192 0.5247 0.6530 0.4057 0.3517 0.4830 0.4914 0.2190 0.5905 0.3936
ArgRS_AF_Euk_Homo_sapiens_gene5917 0.2285 0.4997 0.2836 0.0000 0.4893 0.1967 0.5521 0.2633 0.2543 0.5396 0.2211 0.1424 0.2246 0.1550 0.2447 0.5514 0.1642 0.5843 0.2049 0.2768 0.4185 0.6139 0.3893 0.5505 0.5016 0.0034 0.1884 0.2845 0.6169 0.3131 0.1584 0.4869 0.1418 0.5382 0.5297 0.6129 0.4792 0.4817 0.4643 0.5895 0.5130 0.2651 0.4793 0.4948 0.2321 0.6608 0.2739
CysRS_AF_Euk_Homo_sapiens_gene833 0.5101 0.2403 0.4888 0.4893 0.0000 0.4998 0.3916 0.5442 0.4665 0.4325 0.4459 0.4546 0.5197 0.4651 0.4315 0.3227 0.4985 0.4295 0.5403 0.4921 0.2749 0.5538 0.5065 0.3559 0.2453 0.5404 0.5313 0.5301 0.4034 0.4918 0.5249 0.3546 0.4960 0.3552 0.4132 0.3876 0.2404 0.2972 0.2298 0.4254 0.0835 0.5242 0.1475 0.3558 0.5141 0.3245 0.5582
ArgRS_PDB_Euk_S_cerevisiae_1BS2 0.2246 0.5097 0.3052 0.1967 0.4998 0.0000 0.4304 0.2768 0.2107 0.6161 0.1959 0.2078 0.1401 0.1709 0.3039 0.5634 0.2315 0.6317 0.1646 0.2373 0.4012 0.6245 0.3231 0.5475 0.5514 0.2055 0.2267 0.2916 0.5492 0.2522 0.1977 0.4742 0.1633 0.5084 0.4122 0.5738 0.5204 0.5753 0.4806 0.5817 0.5115 0.2308 0.4357 0.5139 0.2506 0.5858 0.2936
CysRS_AF_Arch_Candidatus_Nitrosopumilus_sediminis_gene13696907 0.5629 0.3218 0.4644 0.5521 0.3916 0.4304 0.0000 0.5599 0.5942 0.3692 0.6146 0.6633 0.4534 0.5289 0.5851 0.3595 0.4268 0.3861 0.5755 0.5636 0.2788 0.4558 0.5298 0.2880 0.2480 0.4838 0.4985 0.6486 0.4015 0.6347 0.5713 0.2767 0.5462 0.2804 0.2932 0.4201 0.3186 0.3353 0.3374 0.3624 0.3654 0.4791 0.3547 0.3638 0.4567 0.3207 0.5371
ArgRS_AF_Bact_Cupriavidus_taiwanensis_LMG_19424_gene29762022 0.2527 0.5219 0.1913 0.2633 0.5442 0.2768 0.5599 0.0000 0.1970 0.5628 0.3211 0.2807 0.2228 0.2228 0.2016 0.6084 0.2389 0.6211 0.1630 0.2452 0.4757 0.6420 0.2027 0.6177 0.5573 0.2671 0.2265 0.1639 0.6064 0.3267 0.2659 0.4647 0.3004 0.5547 0.4875 0.5720 0.5139 0.5098 0.4767 0.6173 0.4904 0.2984 0.5263 0.5078 0.2272 0.5494 0.2661
ArgRS_AF_Arch_Candidatus_Korarchaeum_cryptofilum_OPF8_gene6093502 0.1960 0.5885 0.2681 0.2543 0.4665 0.2107 0.5942 0.1970 0.0000 0.5345 0.2196 0.2219 0.1632 0.1831 0.2249 0.6983 0.2161 0.6406 0.1313 0.2277 0.4915 0.6915 0.2350 0.6793 0.5379 0.2496 0.2313 0.2177 0.5710 0.1833 0.1727 0.4534 0.1800 0.6013 0.5001 0.5792 0.4999 0.5064 0.5015 0.6322 0.4958 0.2748 0.4386 0.5477 0.1624 0.6267 0.2401
CysRS_AF_Bact_Porphyromonas_gingivalis_ATCC_33277_gene29256960 0.5720 0.4341 0.5016 0.5396 0.4325 0.6161 0.3692 0.5628 0.5345 0.0000 0.5261 0.5230 0.5242 0.5292 0.5329 0.3047 0.5490 0.4031 0.5302 0.6268 0.3749 0.5329 0.5533 0.3217 0.4366 0.5498 0.5515 0.5940 0.3923 0.5642 0.5679 0.3492 0.5515 0.3521 0.3647 0.3679 0.3836 0.3675 0.4508 0.3577 0.4832 0.6492 0.4236 0.2746 0.5567 0.3189 0.5605
ArgRS_AF_Euk_Thalassiosira_pseudonana_CCMP1335_gene7449555 0.1905 0.5374 0.3042 0.2211 0.4459 0.1959 0.6146 0.3211 0.2196 0.5261 0.0000 0.2157 0.2014 0.1388 0.3149 0.5946 0.1603 0.5992 0.1905 0.2919 0.5177 0.5910 0.3080 0.6097 0.5173 0.2087 0.1387 0.3325 0.5819 0.2698 0.1363 0.4829 0.1263 0.5638 0.5187 0.5783 0.4702 0.4406 0.5571 0.5671 0.4342 0.2935 0.3896 0.4902 0.2181 0.6181 0.2747
ArgRS_AF_Vir_Megavirus_chiliensis_gene11257368 0.1622 0.4876 0.3437 0.1424 0.4546 0.2078 0.6633 0.2807 0.2219 0.5230 0.2157 0.0000 0.1982 0.1444 0.3102 0.6052 0.1546 0.5792 0.1897 0.2519 0.4278 0.6089 0.2635 0.6464 0.5106 0.1393 0.1540 0.3147 0.6309 0.2767 0.1390 0.4433 0.1543 0.5223 0.4353 0.5963 0.4827 0.5037 0.4346 0.6371 0.4906 0.2380 0.4214 0.4948 0.2272 0.6139 0.3923
ArgRS_AF_Mito_Homo_sapiens_gene57038 0.1801 0.4554 0.2390 0.2246 0.5197 0.1401 0.4534 0.2228 0.1632 0.5242 0.2014 0.1982 0.0000 0.1740 0.2291 0.6539 0.1838 0.6117 0.1497 0.2169 0.4663 0.6400 0.2469 0.6555 0.5192 0.2268 0.2058 0.2047 0.4927 0.2257 0.1526 0.4049 0.1446 0.5016 0.5128 0.6022 0.4909 0.5347 0.4476 0.5929 0.5210 0.2069 0.4367 0.5552 0.2078 0.5693 0.3094
ArgRS_AF_Bact_Escherichia_coli_O157:H7_str._Sakai_gene912519 0.1560 0.4227 0.2447 0.1550 0.4651 0.1709 0.5289 0.2228 0.1831 0.5292 0.1388 0.1444 0.1740 0.0000 0.2208 0.5234 0.1315 0.5867 0.1599 0.2054 0.4213 0.6236 0.2654 0.5483 0.4867 0.1355 0.1543 0.2443 0.5250 0.1930 0.0912 0.4833 0.0864 0.5737 0.4928 0.5687 0.4705 0.4996 0.4197 0.6260 0.4746 0.2270 0.4235 0.4902 0.1727 0.5774 0.2578
ArgRS_AF_Bact_Mycoplasma_hyopneumoniae_168-L_gene57100855 0.3092 0.4602 0.1710 0.2447 0.4315 0.3039 0.5851 0.2016 0.2249 0.5329 0.3149 0.3102 0.2291 0.2208 0.0000 0.5976 0.2811 0.6238 0.2100 0.2391 0.4412 0.6170 0.1780 0.6038 0.4169 0.2418 0.2857 0.1673 0.5562 0.3632 0.2607 0.4399 0.1952 0.5825 0.5464 0.6356 0.5068 0.4505 0.4552 0.6803 0.4604 0.3781 0.4430 0.5264 0.2177 0.6539 0.3166
CysRS_PDB_Bact_M_smegmatis_3C8Z 0.5937 0.3236 0.5979 0.5514 0.3227 0.5634 0.3595 0.6084 0.6983 0.3047 0.5946 0.6052 0.6539 0.5234 0.5976 0.0000 0.5202 0.3935 0.6008 0.6665 0.3092 0.4351 0.5225 0.1764 0.3454 0.5815 0.6119 0.5634 0.3149 0.7426 0.5205 0.3258 0.5858 0.3546 0.3809 0.4068 0.3607 0.1912 0.3236 0.3515 0.3384 0.5591 0.3338 0.3432 0.5526 0.2614 0.5507
ArgRS_AF_Euk_Micromonas_commoda_gene8250062 0.1751 0.5043 0.2339 0.1642 0.4985 0.2315 0.4268 0.2389 0.2161 0.5490 0.1603 0.1546 0.1838 0.1315 0.2811 0.5202 0.0000 0.6488 0.1658 0.2192 0.4588 0.6311 0.2661 0.5846 0.5300 0.1624 0.1290 0.2250 0.5385 0.2409 0.1035 0.3857 0.1312 0.5020 0.4573 0.5654 0.4757 0.4463 0.5242 0.5792 0.4782 0.2193 0.3916 0.4932 0.1710 0.5586 0.2840
CysRS_AF_Bact_Mycobacterium_canettii_CIPT_140010059_gene45427568 0.6441 0.3684 0.6257 0.5843 0.4295 0.6317 0.3861 0.6211 0.6406 0.4031 0.5992 0.5792 0.6117 0.5867 0.6238 0.3935 0.6488 0.0000 0.6419 0.6491 0.3790 0.4915 0.6110 0.3910 0.3361 0.5835 0.6371 0.6135 0.4335 0.6177 0.6380 0.4152 0.5937 0.3698 0.4748 0.3334 0.4611 0.4064 0.3911 0.2717 0.3829 0.6411 0.4216 0.3503 0.6776 0.3653 0.5219
ArgRS_AF_Arch_Candidatus_Nitrosopumilus_sediminis_gene13697696 0.1665 0.5111 0.2358 0.2049 0.5403 0.1646 0.5755 0.1630 0.1313 0.5302 0.1905 0.1897 0.1497 0.1599 0.2100 0.6008 0.1658 0.6419 0.0000 0.1895 0.5016 0.5814 0.2076 0.6875 0.5493 0.2068 0.1578 0.1722 0.5421 0.2222 0.1530 0.4718 0.1473 0.5185 0.4733 0.5456 0.4852 0.5394 0.4872 0.6452 0.5171 0.2304 0.5181 0.5069 0.1563 0.6243 0.2610
ArgRS_PDB_Arch_2ZUF 0.1907 0.4918 0.2312 0.2768 0.4921 0.2373 0.5636 0.2452 0.2277 0.6268 0.2919 0.2519 0.2169 0.2054 0.2391 0.6665 0.2192 0.6491 0.1895 0.0000 0.4325 0.6565 0.2175 0.6567 0.5337 0.2822 0.2734 0.2305 0.6145 0.2156 0.1965 0.4345 0.1826 0.5376 0.5044 0.6039 0.4808 0.4986 0.4675 0.7289 0.4611 0.2545 0.4653 0.5837 0.1882 0.4920 0.3065
CysRS_AF_Mito_Morone_saxatilis_gene118339815 0.4669 0.2169 0.5245 0.4185 0.2749 0.4012 0.2788 0.4757 0.4915 0.3749 0.5177 0.4278 0.4663 0.4213 0.4412 0.3092 0.4588 0.3790 0.5016 0.4325 0.0000 0.5206 0.5010 0.3780 0.2075 0.5144 0.4889 0.4783 0.4006 0.4369 0.3831 0.2742 0.4233 0.3291 0.3491 0.3580 0.3313 0.2931 0.0619 0.3549 0.2301 0.4800 0.2718 0.3219 0.4808 0.3343 0.5408
CysRS_AF_Bact_Mycoplasma_hyopneumoniae_168-L_gene57101512 0.6208 0.4885 0.6517 0.6139 0.5538 0.6245 0.4558 0.6420 0.6915 0.5329 0.5910 0.6089 0.6400 0.6236 0.6170 0.4351 0.6311 0.4915 0.5814 0.6565 0.5206 0.0000 0.6115 0.4757 0.5876 0.5917 0.6034 0.6322 0.4713 0.6694 0.6131 0.5222 0.6300 0.5433 0.6393 0.4458 0.5642 0.4916 0.5070 0.3396 0.5776 0.6319 0.5821 0.5506 0.6930 0.4367 0.6258
ArgRS_AF_Bact_Anoxybacillus_flavithermus_WK1_gene7039015 0.1743 0.5007 0.1582 0.3893 0.5065 0.3231 0.5298 0.2027 0.2350 0.5533 0.3080 0.2635 0.2469 0.2654 0.1780 0.5225 0.2661 0.6110 0.2076 0.2175 0.5010 0.6115 0.0000 0.5120 0.6317 0.3697 0.2750 0.1276 0.5324 0.3654 0.2873 0.4767 0.2807 0.5640 0.5121 0.5948 0.4797 0.4748 0.4860 0.6611 0.4549 0.2956 0.4759 0.5321 0.1911 0.5646 0.3314
CysRS_PDB_Bact_E_coli_1LI5 0.7321 0.3290 0.5463 0.5505 0.3559 0.5475 0.2880 0.6177 0.6793 0.3217 0.6097 0.6464 0.6555 0.5483 0.6038 0.1764 0.5846 0.3910 0.6875 0.6567 0.3780 0.4757 0.5120 0.0000 0.3314 0.5672 0.6433 0.5603 0.2820 0.6944 0.5820 0.3174 0.5255 0.3110 0.4658 0.4042 0.3782 0.2459 0.2947 0.3276 0.3609 0.6235 0.3499 0.2967 0.7491 0.2379 0.5625
CysRS_AF_Bact_Lactobacillus_amylovorus_GRL1118_gene66523130 0.5338 0.2442 0.4581 0.5016 0.2453 0.5514 0.2480 0.5573 0.5379 0.4366 0.5173 0.5106 0.5192 0.4867 0.4169 0.3454 0.5300 0.3361 0.5493 0.5337 0.2075 0.5876 0.6317 0.3314 0.0000 0.5602 0.5418 0.5335 0.4068 0.4949 0.5062 0.2723 0.5239 0.3421 0.2843 0.3569 0.2776 0.3474 0.2328 0.4035 0.2308 0.4889 0.2776 0.3167 0.6128 0.3464 0.5429
ArgRS_AF_Euk_Polyodon_spathula_gene121324634 0.2260 0.5287 0.2857 0.0034 0.5404 0.2055 0.4838 0.2671 0.2496 0.5498 0.2087 0.1393 0.2268 0.1355 0.2418 0.5815 0.1624 0.5835 0.2068 0.2822 0.5144 0.5917 0.3697 0.5672 0.5602 0.0000 0.1802 0.2853 0.6071 0.3109 0.1757 0.4804 0.1515 0.5363 0.4918 0.5589 0.4858 0.4922 0.4919 0.5937 0.4847 0.2673 0.4592 0.5034 0.2340 0.6047 0.2747
ArgRS_AF_Bact_Chlamydia_psittaci_6BC_gene12242456 0.1986 0.5031 0.2392 0.1884 0.5313 0.2267 0.4985 0.2265 0.2313 0.5515 0.1387 0.1540 0.2058 0.1543 0.2857 0.6119 0.1290 0.6371 0.1578 0.2734 0.4889 0.6034 0.2750 0.6433 0.5418 0.1802 0.0000 0.2722 0.5992 0.2408 0.1361 0.4070 0.1449 0.4962 0.4452 0.5881 0.4902 0.5492 0.5317 0.5877 0.5208 0.2349 0.4788 0.5171 0.1760 0.6176 0.3149
ArgRS_AF_Bact_Corynebacterium_ulcerans_809_gene75260071 0.1862 0.4472 0.1892 0.2845 0.5301 0.2916 0.6486 0.1639 0.2177 0.5940 0.3325 0.3147 0.2047 0.2443 0.1673 0.5634 0.2250 0.6135 0.1722 0.2305 0.4783 0.6322 0.1276 0.5603 0.5335 0.2853 0.2722 0.0000 0.6070 0.3141 0.2507 0.4533 0.2762 0.5632 0.5075 0.5515 0.4778 0.4727 0.4977 0.6163 0.4780 0.3082 0.4915 0.4998 0.2036 0.5595 0.3165
CysRS_AF_Bact_Prochlorococcus_marinus_subsp_marinus_str_CCMP1375_gene54200571 0.5656 0.4105 0.5815 0.6169 0.4034 0.5492 0.4015 0.6064 0.5710 0.3923 0.5819 0.6309 0.4927 0.5250 0.5562 0.3149 0.5385 0.4335 0.5421 0.6145 0.4006 0.4713 0.5324 0.2820 0.4068 0.6071 0.5992 0.6070 0.0000 0.6704 0.5161 0.3538 0.5234 0.3993 0.4143 0.3991 0.3978 0.3697 0.3759 0.3979 0.4480 0.5721 0.4108 0.4062 0.5874 0.3303 0.6013
ArgRS_PDB_Bact_1IQ0 0.2114 0.4595 0.3762 0.3131 0.4918 0.2522 0.6347 0.3267 0.1833 0.5642 0.2698 0.2767 0.2257 0.1930 0.3632 0.7426 0.2409 0.6177 0.2222 0.2156 0.4369 0.6694 0.3654 0.6944 0.4949 0.3109 0.2408 0.3141 0.6704 0.0000 0.1873 0.4648 0.1743 0.6011 0.5232 0.5972 0.5282 0.5030 0.4898 0.5909 0.5190 0.2477 0.4676 0.5176 0.2475 0.5577 0.3153
ArgRS_AF_Euk_Paulinella_chromatophora_gene6481434 0.1591 0.4377 0.2868 0.1584 0.5249 0.1977 0.5713 0.2659 0.1727 0.5679 0.1363 0.1390 0.1526 0.0912 0.2607 0.5205 0.1035 0.6380 0.1530 0.1965 0.3831 0.6131 0.2873 0.5820 0.5062 0.1757 0.1361 0.2507 0.5161 0.1873 0.0000 0.3567 0.0519 0.5594 0.4848 0.5418 0.4816 0.4840 0.4327 0.6127 0.5248 0.2007 0.4055 0.4822 0.1569 0.5697 0.3193
CysRS_AF_Euk_Micromonas_commoda_gene8246535 0.4337 0.3108 0.4793 0.4869 0.3546 0.4742 0.2767 0.4647 0.4534 0.3492 0.4829 0.4433 0.4049 0.4833 0.4399 0.3258 0.3857 0.4152 0.4718 0.4345 0.2742 0.5222 0.4767 0.3174 0.2723 0.4804 0.4070 0.4533 0.3538 0.4648 0.3567 0.0000 0.4556 0.3101 0.2692 0.3708 0.3734 0.3676 0.2860 0.3860 0.3477 0.4309 0.2719 0.3755 0.4560 0.3312 0.5087
ArgRS_AF_Bact_Prochlorococcus_marinus_subsp_marinus_str_CCMP1375_gene54199571 0.1337 0.4088 0.2708 0.1418 0.4960 0.1633 0.5462 0.3004 0.1800 0.5515 0.1263 0.1543 0.1446 0.0864 0.1952 0.5858 0.1312 0.5937 0.1473 0.1826 0.4233 0.6300 0.2807 0.5255 0.5239 0.1515 0.1449 0.2762 0.5234 0.1743 0.0519 0.4556 0.0000 0.5472 0.4925 0.5500 0.4667 0.4570 0.4054 0.6257 0.5409 0.2024 0.3995 0.5107 0.1592 0.5869 0.3001
CysRS_AF_Arch_Aciduliprofundum_boonei_T469_gene8827372 0.5653 0.3447 0.5970 0.5382 0.3552 0.5084 0.2804 0.5547 0.6013 0.3521 0.5638 0.5223 0.5016 0.5737 0.5825 0.3546 0.5020 0.3698 0.5185 0.5376 0.3291 0.5433 0.5640 0.3110 0.3421 0.5363 0.4962 0.5632 0.3993 0.6011 0.5594 0.3101 0.5472 0.0000 0.3714 0.3508 0.3653 0.2797 0.2768 0.3275 0.3407 0.5054 0.3569 0.2919 0.5677 0.3213 0.5259
CysRS_AF_Euk_Arabidopsis_thaliana_gene833874 0.4411 0.3645 0.5333 0.5297 0.4132 0.4122 0.2932 0.4875 0.5001 0.3647 0.5187 0.4353 0.5128 0.4928 0.5464 0.3809 0.4573 0.4748 0.4733 0.5044 0.3491 0.6393 0.5121 0.4658 0.2843 0.4918 0.4452 0.5075 0.4143 0.5232 0.4848 0.2692 0.4925 0.3714 0.0000 0.4844 0.5091 0.5102 0.4312 0.4665 0.4373 0.4531 0.4109 0.4718 0.6359 0.4289 0.5341
CysRS_AF_Bact_Treponema_pallidum_subsp_pertenue_str_SamoaD_gene57878631 0.5423 0.3761 0.5750 0.6129 0.3876 0.5738 0.4201 0.5720 0.5792 0.3679 0.5783 0.5963 0.6022 0.5687 0.6356 0.4068 0.5654 0.3334 0.5456 0.6039 0.3580 0.4458 0.5948 0.4042 0.3569 0.5589 0.5881 0.5515 0.3991 0.5972 0.5418 0.3708 0.5500 0.3508 0.4844 0.0000 0.4791 0.3233 0.3932 0.4326 0.3957 0.5556 0.3846 0.3626 0.5896 0.3570 0.5382
CysRS_AF_Vir_Megavirus_chiliensis_gene11257271 0.5089 0.2486 0.4879 0.4792 0.2404 0.5204 0.3186 0.5139 0.4999 0.3836 0.4702 0.4827 0.4909 0.4705 0.5068 0.3607 0.4757 0.4611 0.4852 0.4808 0.3313 0.5642 0.4797 0.3782 0.2776 0.4858 0.4902 0.4778 0.3978 0.5282 0.4816 0.3734 0.4667 0.3653 0.5091 0.4791 0.0000 0.3067 0.2865 0.4285 0.2563 0.5000 0.2476 0.2897 0.5000 0.3764 0.5036
CysRS_AF_Arch_Pyrobaculum_ferrireducens_gene11593896 0.4874 0.2901 0.5192 0.4817 0.2972 0.5753 0.3353 0.5098 0.5064 0.3675 0.4406 0.5037 0.5347 0.4996 0.4505 0.1912 0.4463 0.4064 0.5394 0.4986 0.2931 0.4916 0.4748 0.2459 0.3474 0.4922 0.5492 0.4727 0.3697 0.5030 0.4840 0.3676 0.4570 0.2797 0.5102 0.3233 0.3067 0.0000 0.2936 0.3584 0.3194 0.5126 0.3195 0.3292 0.5102 0.2699 0.5023
CysRS_AF_Mito_Homo_sapiens_gene79587 0.4752 0.2381 0.5247 0.4643 0.2298 0.4806 0.3374 0.4767 0.5015 0.4508 0.5571 0.4346 0.4476 0.4197 0.4552 0.3236 0.5242 0.3911 0.4872 0.4675 0.0619 0.5070 0.4860 0.2947 0.2328 0.4919 0.5317 0.4977 0.3759 0.4898 0.4327 0.2860 0.4054 0.2768 0.4312 0.3932 0.2865 0.2936 0.0000 0.3694 0.2455 0.4462 0.2932 0.3502 0.4304 0.3416 0.5107
CysRS_AF_Bact_Bordetella_avium_197N_gene41394405 0.6089 0.3679 0.6530 0.5895 0.4254 0.5817 0.3624 0.6173 0.6322 0.3577 0.5671 0.6371 0.5929 0.6260 0.6803 0.3515 0.5792 0.2717 0.6452 0.7289 0.3549 0.3396 0.6611 0.3276 0.4035 0.5937 0.5877 0.6163 0.3979 0.5909 0.6127 0.3860 0.6257 0.3275 0.4665 0.4326 0.4285 0.3584 0.3694 0.0000 0.4434 0.6562 0.4016 0.3355 0.6222 0.3295 0.6005
CysRS_AF_Euk_Drosophila_melanogaster_gene36784 0.4354 0.1864 0.4057 0.5130 0.0835 0.5115 0.3654 0.4904 0.4958 0.4832 0.4342 0.4906 0.5210 0.4746 0.4604 0.3384 0.4782 0.3829 0.5171 0.4611 0.2301 0.5776 0.4549 0.3609 0.2308 0.4847 0.5208 0.4780 0.4480 0.5190 0.5248 0.3477 0.5409 0.3407 0.4373 0.3957 0.2563 0.3194 0.2455 0.4434 0.0000 0.4888 0.1207 0.3376 0.5878 0.3354 0.5727
ArgRS_AF_Mito_Caenorhabditis_elegans_gene174023 0.2298 0.4175 0.3517 0.2651 0.5242 0.2308 0.4791 0.2984 0.2748 0.6492 0.2935 0.2380 0.2069 0.2270 0.3781 0.5591 0.2193 0.6411 0.2304 0.2545 0.4800 0.6319 0.2956 0.6235 0.4889 0.2673 0.2349 0.3082 0.5721 0.2477 0.2007 0.4309 0.2024 0.5054 0.4531 0.5556 0.5000 0.5126 0.4462 0.6562 0.4888 0.0000 0.4909 0.5781 0.2447 0.5509 0.3322
CysRS_AF_Mito_Saccharomyces_cerevisiae_S288C_gene855474 0.4701 0.2277 0.4830 0.4793 0.1475 0.4357 0.3547 0.5263 0.4386 0.4236 0.3896 0.4214 0.4367 0.4235 0.4430 0.3338 0.3916 0.4216 0.5181 0.4653 0.2718 0.5821 0.4759 0.3499 0.2776 0.4592 0.4788 0.4915 0.4108 0.4676 0.4055 0.2719 0.3995 0.3569 0.4109 0.3846 0.2476 0.3195 0.2932 0.4016 0.1207 0.4909 0.0000 0.2949 0.4588 0.3269 0.5290
CysRS_AF_Bact_Streptobacillus_moniliformis_DSM_12112_gene29673427 0.5322 0.2941 0.4914 0.4948 0.3558 0.5139 0.3638 0.5078 0.5477 0.2746 0.4902 0.4948 0.5552 0.4902 0.5264 0.3432 0.4932 0.3503 0.5069 0.5837 0.3219 0.5506 0.5321 0.2967 0.3167 0.5034 0.5171 0.4998 0.4062 0.5176 0.4822 0.3755 0.5107 0.2919 0.4718 0.3626 0.2897 0.3292 0.3502 0.3355 0.3376 0.5781 0.2949 0.0000 0.6009 0.2926 0.5202
ArgRS_AF_Arch_Methanothermococcus_okinawensis_IH1_gene10773248 0.1745 0.5308 0.2190 0.2321 0.5141 0.2506 0.4567 0.2272 0.1624 0.5567 0.2181 0.2272 0.2078 0.1727 0.2177 0.5526 0.1710 0.6776 0.1563 0.1882 0.4808 0.6930 0.1911 0.7491 0.6128 0.2340 0.1760 0.2036 0.5874 0.2475 0.1569 0.4560 0.1592 0.5677 0.6359 0.5896 0.5000 0.5102 0.4304 0.6222 0.5878 0.2447 0.4588 0.6009 0.0000 0.5963 0.2429
CysRS_AF_Arch_Methanospirillum_hungatei_JF-1_gene3922979 0.6038 0.3179 0.5905 0.6608 0.3245 0.5858 0.3207 0.5494 0.6267 0.3189 0.6181 0.6139 0.5693 0.5774 0.6539 0.2614 0.5586 0.3653 0.6243 0.4920 0.3343 0.4367 0.5646 0.2379 0.3464 0.6047 0.6176 0.5595 0.3303 0.5577 0.5697 0.3312 0.5869 0.3213 0.4289 0.3570 0.3764 0.2699 0.3416 0.3295 0.3354 0.5509 0.3269 0.2926 0.5963 0.0000 0.5102
ArgRS_AF_Arch_Desulfurococcus_mucosus_DSM_2162_gene10153309 0.3068 0.5502 0.3936 0.2739 0.5582 0.2936 0.5371 0.2661 0.2401 0.5605 0.2747 0.3923 0.3094 0.2578 0.3166 0.5507 0.2840 0.5219 0.2610 0.3065 0.5408 0.6258 0.3314 0.5625 0.5429 0.2747 0.3149 0.3165 0.6013 0.3153 0.3193 0.5087 0.3001 0.5259 0.5341 0.5382 0.5036 0.5023 0.5107 0.6005 0.5727 0.3322 0.5290 0.5202 0.2429 0.5102 0.0000
