47
ArgRS_AF_Bact_Streptobacillus_moniliformis_DSM_12112_gene29674021 0.0000 0.7122 0.2736 0.2594 0.7137 0.2543 0.8276 0.2913 0.2181 0.8487 0.2113 0.1770 0.1986 0.1696 0.3699 0.9006 0.1925 1.0331 0.1822 0.2117 0.6292 0.9697 0.1915 1.3174 0.7633 0.2563 0.2215 0.2061 0.8338 0.2374 0.1732 0.5686 0.1435 0.8330 0.5818 0.7817 0.7110 0.6684 0.6448 0.9387 0.5717 0.2611 0.6351 0.7596 0.1918 0.9260 0.3665
CysRS_AF_Euk_Cyanidioschyzon_merolae_strain_10D_gene16993418 0.7122 0.0000 0.6569 0.6925 0.2748 0.7129 0.3884 0.7380 0.8878 0.5694 0.7709 0.6687 0.6076 0.5494 0.6165 0.3910 0.7019 0.4596 0.7155 0.6769 0.2446 0.6703 0.6946 0.3990 0.2799 0.7522 0.6995 0.5928 0.5285 0.6152 0.5757 0.3722 0.5256 0.4227 0.4534 0.4718 0.2858 0.3426 0.2720 0.4587 0.2063 0.5405 0.2583 0.3483 0.7567 0.3826 0.7989
ArgRS_AF_Bact_Brachyspira_pilosicoli_95_1000_gene56439668 0.2736 0.6569 0.0000 0.3335 0.6709 0.3641 0.6244 0.2124 0.3121 0.6964 0.3627 0.4211 0.2731 0.2806 0.1875 0.9112 0.2665 0.9827 0.2689 0.2629 0.7435 1.0546 0.1722 0.7903 0.6127 0.3365 0.2735 0.2097 0.8710 0.4720 0.3380 0.6527 0.3158 0.9090 0.7621 0.8556 0.6693 0.7323 0.7439 1.0585 0.5203 0.4334 0.6597 0.6761 0.2473 0.8927 0.5002
ArgRS_AF_Euk_Homo_sapiens_gene5917 0.2594 0.6925 0.3335 0.0000 0.6721 0.2190 0.8032 0.3056 0.2934 0.7757 0.2499 0.1536 0.2543 0.1685 0.2807 0.8018 0.1793 0.8778 0.2294 0.3240 0.5422 0.9517 0.4932 0.7998 0.6963 0.0035 0.2088 0.3348 0.9594 0.3756 0.1725 0.6673 0.1529 0.7725 0.7545 0.9492 0.6525 0.6571 0.6242 0.8904 0.7194 0.3081 0.6526 0.6828 0.2641 1.0812 0.3201
CysRS_AF_Euk_Homo_sapiens_gene833 0.7137 0.2748 0.6709 0.6721 0.0000 0.6928 0.4969 0.7857 0.6282 0.5666 0.5905 0.6063 0.7334 0.6258 0.5649 0.3897 0.6902 0.5613 0.7771 0.6776 0.3215 0.8071 0.7062 0.4399 0.2815 0.7774 0.7579 0.7553 0.5165 0.6769 0.7441 0.4378 0.6852 0.4389 0.5331 0.4904 0.2750 0.3526 0.2612 0.5542 0.0872 0.7429 0.1595 0.4397 0.7218 0.3923 0.8168
ArgRS_PDB_Euk_S_cerevisiae_1BS2 0.2543 0.7129 0.3641 0.2190 0.6928 0.0000 0.5628 0.3240 0.2367 0.9574 0.2180 0.2330 0.1509 0.1874 0.3623 0.8286 0.2633 0.9987 0.1799 0.2710 0.5128 0.9795 0.3902 0.7930 0.8016 0.2300 0.2570 0.3448 0.7966 0.2907 0.2203 0.6428 0.1782 0.7101 0.5313 0.8529 0.7349 0.8563 0.6550 0.8717 0.7164 0.2625 0.5722 0.7213 0.2884 0.8816 0.3477
CysRS_AF_Arch_Candidatus_Nitrosopumilus_sediminis_gene13696907 0.8276 0.3884 0.6244 0.8032 0.4969 0.5628 0.0000 0.8208 0.9020 0.4609 0.9535 1.0884 0.6041 0.7527 0.8797 0.4454 0.5565 0.4879 0.8569 0.8292 0.3269 0.6084 0.7547 0.3398 0.2850 0.6612 0.6901 1.0459 0.5133 1.0072 0.8470 0.3239 0.7900 0.3291 0.3470 0.5449 0.3837 0.4084 0.4116 0.4501 0.4548 0.6523 0.4381 0.4522 0.6102 0.3868 0.7703
ArgRS_AF_Bact_Cupriavidus_taiwanensis_LMG_19424_gene29762022 0.2913 0.7380 0.2124 0.3056 0.7857 0.3240 0.8208 0.0000 0.2194 0.8274 0.3873 0.3295 0.2520 0.2521 0.2252 0.9375 0.2729 0.9705 0.1779 0.2814 0.6457 1.0273 0.2266 0.9614 0.8149 0.3107 0.2568 0.1790 0.9324 0.3957 0.3092 0.6250 0.3572 0.8090 0.6685 0.8487 0.7213 0.7130 0.6476 0.9605 0.6741 0.3545 0.7473 0.7088 0.2577 0.7973 0.3094
ArgRS_AF_Arch_Candidatus_Korarchaeum_cryptofilum_OPF8_gene6093502 0.2181 0.8878 0.3121 0.2934 0.6282 0.2367 0.9020 0.2194 0.0000 0.7647 0.2479 0.2510 0.1782 0.2023 0.2548 1.1984 0.2434 1.0233 0.1408 0.2583 0.6763 1.1759 0.2680 1.1371 0.7720 0.2872 0.2631 0.2455 0.8463 0.2024 0.1897 0.6041 0.1985 0.9196 0.6934 0.8655 0.6930 0.7061 0.6962 1.0002 0.6847 0.3213 0.5774 0.7935 0.1772 0.9854 0.2746
CysRS_AF_Bact_Porphyromonas_gingivalis_ATCC_33277_gene29256960 0.8487 0.5694 0.6964 0.7757 0.5666 0.9574 0.4609 0.8274 0.7647 0.0000 0.7467 0.7403 0.7429 0.7532 0.7612 0.3635 0.7962 0.5160 0.7554 0.9857 0.4699 0.7611 0.8058 0.3883 0.5738 0.7981 0.8020 0.9015 0.4981 0.8306 0.8392 0.4296 0.8019 0.4340 0.4536 0.4586 0.4839 0.4581 0.5993 0.4427 0.6602 1.0474 0.5510 0.3210 0.8135 0.3840 0.8220
ArgRS_AF_Euk_Thalassiosira_pseudonana_CCMP1335_gene7449555 0.2113 0.7709 0.3627 0.2499 0.5905 0.2180 0.9535 0.3873 0.2479 0.7467 0.0000 0.2429 0.2249 0.1494 0.3782 0.9028 0.1748 0.9143 0.2113 0.3453 0.7292 0.8941 0.3682 0.9409 0.7285 0.2341 0.1493 0.4042 0.8721 0.3144 0.1465 0.6595 0.1350 0.8297 0.7313 0.8635 0.6352 0.5809 0.8143 0.8372 0.5695 0.3475 0.4936 0.6739 0.2460 0.9628 0.3212
ArgRS_AF_Vir_Megavirus_chiliensis_gene11257368 0.1770 0.6687 0.4211 0.1536 0.6063 0.2330 1.0884 0.3295 0.2510 0.7403 0.2429 0.0000 0.2209 0.1560 0.3714 0.9295 0.1680 0.8656 0.2104 0.2902 0.5582 0.9387 0.3059 1.0398 0.7145 0.1500 0.1672 0.3779 0.9966 0.3239 0.1496 0.5857 0.1677 0.7388 0.5715 0.9072 0.6591 0.7006 0.5703 1.0137 0.6745 0.2719 0.5471 0.6828 0.2578 0.9517 0.4982
ArgRS_AF_Mito_Homo_sapiens_gene57038 0.1986 0.6076 0.2731 0.2543 0.7334 0.1509 0.6041 0.2520 0.1782 0.7429 0.2249 0.2209 0.0000 0.1912 0.2602 1.0611 0.2030 0.9460 0.1622 0.2445 0.6278 1.0215 0.2836 1.0658 0.7324 0.2573 0.2305 0.2290 0.6787 0.2557 0.1657 0.5190 0.1562 0.6964 0.7190 0.9220 0.6750 0.7651 0.5935 0.8988 0.7360 0.2318 0.5740 0.8100 0.2330 0.8423 0.3702
ArgRS_AF_Bact_Escherichia_coli_O157:H7_str._Sakai_gene912519 0.1696 0.5494 0.2806 0.1685 0.6258 0.1874 0.7527 0.2521 0.2023 0.7532 0.1494 0.1560 0.1912 0.0000 0.2496 0.7412 0.1410 0.8837 0.1742 0.2300 0.5469 0.9770 0.3085 0.7948 0.6669 0.1456 0.1676 0.2801 0.7444 0.2144 0.0956 0.6603 0.0904 0.8528 0.6789 0.8411 0.6358 0.6924 0.5442 0.9835 0.6436 0.2576 0.5509 0.6739 0.1896 0.8612 0.2982
ArgRS_AF_Bact_Mycoplasma_hyopneumoniae_168-L_gene57100855 0.3699 0.6165 0.1875 0.2807 0.5649 0.3623 0.8797 0.2252 0.2548 0.7612 0.3782 0.3714 0.2602 0.2496 0.0000 0.9103 0.3300 0.9775 0.2357 0.2733 0.5820 0.9597 0.1960 0.9257 0.5394 0.2768 0.3365 0.1832 0.8124 0.4513 0.3020 0.5796 0.2172 0.8734 0.7907 1.0095 0.7068 0.5987 0.6074 1.1402 0.6169 0.4751 0.5853 0.7474 0.2455 1.0611 0.3807
CysRS_PDB_Bact_M_smegmatis_3C8Z 0.9006 0.3910 0.9112 0.8018 0.3897 0.8286 0.4454 0.9375 1.1984 0.3635 0.9028 0.9295 1.0611 0.7412 0.9103 0.0000 0.7345 0.5001 0.9183 1.0981 0.3698 0.5712 0.7391 0.1940 0.4237 0.8711 0.9466 0.8288 0.3782 1.3572 0.7350 0.3942 0.8814 0.4380 0.4795 0.5222 0.4474 0.2122 0.3910 0.4331 0.4132 0.8188 0.4062 0.4203 0.8044 0.3030 0.8002
ArgRS_AF_Euk_Micromonas_commoda_gene8250062 0.1925 0.7019 0.2665 0.1793 0.6902 0.2633 0.5565 0.2729 0.2434 0.7962 0.1748 0.1680 0.2030 0.1410 0.3300 0.7345 0.0000 1.0464 0.1813 0.2474 0.6140 0.9974 0.3093 0.8784 0.7550 0.1773 0.1381 0.2550 0.7734 0.2757 0.1093 0.4873 0.1407 0.6972 0.6111 0.8334 0.6456 0.5911 0.7428 0.8656 0.6506 0.2476 0.4969 0.6798 0.1875 0.8179 0.3342
CysRS_AF_Bact_Mycobacterium_canettii_CIPT_140010059_gene45427568 1.0331 0.4596 0.9827 0.8778 0.5613 0.9987 0.4879 0.9705 1.0233 0.5160 0.9143 0.8656 0.9460 0.8837 0.9775 0.5001 1.0464 0.0000 1.0270 1.0471 0.4764 0.6764 0.9443 0.4960 0.4097 0.8759 1.0138 0.9506 0.5684 0.9614 1.0161 0.5364 0.9006 0.4617 0.6440 0.4055 0.6183 0.5216 0.4961 0.3171 0.4828 1.0247 0.5475 0.4313 1.1321 0.4545 0.7379
ArgRS_AF_Arch_Candidatus_Nitrosopumilus_sediminis_gene13697696 0.1822 0.7155 0.2689 0.2294 0.7771 0.1799 0.8569 0.1779 0.1408 0.7554 0.2113 0.2104 0.1622 0.1742 0.2357 0.9183 0.1813 1.0270 0.0000 0.2102 0.6964 0.8707 0.2327 1.1630 0.7969 0.2318 0.1717 0.1890 0.7811 0.2513 0.1661 0.6383 0.1594 0.7309 0.6411 0.7888 0.6641 0.7752 0.6679 1.0364 0.7281 0.2619 0.7301 0.7071 0.1700 0.9790 0.3024
ArgRS_PDB_Arch_2ZUF 0.2117 0.6769 0.2629 0.3240 0.6776 0.2710 0.8292 0.2814 0.2583 0.9857 0.3453 0.2902 0.2445 0.2300 0.2733 1.0981 0.2474 1.0471 0.2102 0.0000 0.5665 1.0687 0.2453 1.0693 0.7629 0.3315 0.3195 0.2620 0.9531 0.2428 0.2187 0.5700 0.2017 0.7715 0.7021 0.9262 0.6556 0.6904 0.6301 1.3055 0.6182 0.2937 0.6261 0.8763 0.2085 0.6773 0.3660
CysRS_AF_Mito_Morone_saxatilis_gene118339815 0.6292 0.2446 0.7435 0.5422 0.3215 0.5128 0.3269 0.6457 0.6763 0.4699 0.7292 0.5582 0.6278 0.5469 0.5820 0.3698 0.6140 0.4764 0.6964 0.5665 0.0000 0.7352 0.6951 0.4749 0.2325 0.7225 0.6711 0.6507 0.5119 0.5744 0.4831 0.3206 0.5505 0.3992 0.4294 0.4432 0.4024 0.3469 0.0640 0.4384 0.2614 0.6539 0.3172 0.3885 0.6555 0.4069 0.7782
CysRS_AF_Bact_Mycoplasma_hyopneumoniae_168-L_gene57101512 0.9697 0.6703 1.0546 0.9517 0.8071 0.9795 0.6084 1.0273 1.1759 0.7611 0.8941 0.9387 1.0215 0.9770 0.9597 0.5712 0.9974 0.6764 0.8707 1.0687 0.7352 0.0000 0.9454 0.6457 0.8857 0.8958 0.9247 1.0004 0.6374 1.1070 0.9497 0.7386 0.9944 0.7838 1.0199 0.5903 0.8305 0.6765 0.7073 0.4149 0.8617 0.9993 0.8727 0.7999 1.1811 0.5740 0.9830
ArgRS_AF_Bact_Anoxybacillus_flavithermus_WK1_gene7039015 0.1915 0.6946 0.1722 0.4932 0.7062 0.3902 0.7547 0.2266 0.2680 0.8058 0.3682 0.3059 0.2836 0.3085 0.1960 0.7391 0.3093 0.9443 0.2327 0.2453 0.6951 0.9454 0.0000 0.7174 0.9987 0.4616 0.3216 0.1365 0.7603 0.4548 0.3386 0.6476 0.3295 0.8301 0.7176 0.9035 0.6534 0.6441 0.6656 1.0821 0.6068 0.3505 0.6462 0.7595 0.2121 0.8315 0.4025
CysRS_PDB_Bact_E_coli_1LI5 1.3174 0.3990 0.7903 0.7998 0.4399 0.7930 0.3398 0.9614 1.1371 0.3883 0.9409 1.0398 1.0658 0.7948 0.9257 0.1940 0.8784 0.4960 1.1630 1.0693 0.4749 0.6457 0.7174 0.0000 0.4026 0.8374 1.0310 0.8217 0.3312 1.1853 0.8724 0.3819 0.7455 0.3725 0.6271 0.5178 0.4752 0.2822 0.3491 0.3968 0.4476 0.9769 0.4306 0.3520 1.3829 0.2717 0.8266
CysRS_AF_Bact_Lactobacillus_amylovorus_GRL1118_gene66523130 0.7633 0.2799 0.6127 0.6963 0.2815 0.8016 0.2850 0.8149 0.7720 0.5738 0.7285 0.7145 0.7324 0.6669 0.5394 0.4237 0.7550 0.4097 0.7969 0.7629 0.2325 0.8857 0.9987 0.4026 0.0000 0.8215 0.7805 0.7625 0.5222 0.6830 0.7057 0.3179 0.7421 0.4187 0.3345 0.4415 0.3252 0.4267 0.2650 0.5167 0.2625 0.6711 0.3252 0.3808 0.9488 0.4254 0.7828
ArgRS_AF_Euk_Polyodon_spathula_gene121324634 0.2563 0.7522 0.3365 0.0035 0.7774 0.2300 0.6612 0.3107 0.2872 0.7981 0.2341 0.1500 0.2573 0.1456 0.2768 0.8711 0.1773 0.8759 0.2318 0.3315 0.7225 0.8958 0.4616 0.8374 0.8215 0.0000 0.1986 0.3359 0.9344 0.3724 0.1932 0.6546 0.1644 0.7686 0.6769 0.8185 0.6652 0.6777 0.6772 0.9007 0.6630 0.3111 0.6148 0.7001 0.2667 0.9280 0.3211
ArgRS_AF_Bact_Chlamydia_psittaci_6BC_gene12242456 0.2215 0.6995 0.2735 0.2088 0.7579 0.2570 0.6901 0.2568 0.2631 0.8020 0.1493 0.1672 0.2305 0.1676 0.3365 0.9466 0.1381 1.0138 0.1717 0.3195 0.6711 0.9247 0.3216 1.0310 0.7805 0.1986 0.0000 0.3177 0.9143 0.2754 0.1463 0.5226 0.1565 0.6857 0.5892 0.8871 0.6738 0.7966 0.7588 0.8860 0.7357 0.2678 0.6517 0.7280 0.1936 0.9613 0.3781
ArgRS_AF_Bact_Corynebacterium_ulcerans_809_gene75260071 0.2061 0.5928 0.2097 0.3348 0.7553 0.3448 1.0459 0.1790 0.2455 0.9015 0.4042 0.3779 0.2290 0.2801 0.1832 0.8288 0.2550 0.9506 0.1890 0.2620 0.6507 1.0004 0.1365 0.8217 0.7625 0.3359 0.3177 0.0000 0.9340 0.3770 0.2886 0.6039 0.3233 0.8283 0.7083 0.8019 0.6497 0.6399 0.6886 0.9581 0.6502 0.3685 0.6763 0.6928 0.2277 0.8199 0.3806
CysRS_AF_Bact_Prochlorococcus_marinus_subsp_marinus_str_CCMP1375_gene54200571 0.8338 0.5285 0.8710 0.9594 0.5165 0.7966 0.5133 0.9324 0.8463 0.4981 0.8721 0.9966 0.6787 0.7444 0.8124 0.3782 0.7734 0.5684 0.7811 0.9531 0.5119 0.6374 0.7603 0.3312 0.5222 0.9344 0.9143 0.9340 0.0000 1.1098 0.7260 0.4367 0.7411 0.5098 0.5349 0.5093 0.5071 0.4616 0.4714 0.5073 0.5941 0.8489 0.5290 0.5212 0.8853 0.4009 0.9196
ArgRS_PDB_Bact_1IQ0 0.2374 0.6152 0.4720 0.3756 0.6769 0.2907 1.0072 0.3957 0.2024 0.8306 0.3144 0.3239 0.2557 0.2144 0.4513 1.3572 0.2757 0.9614 0.2513 0.2428 0.5744 1.1070 0.4548 1.1853 0.6830 0.3724 0.2754 0.3770 1.1098 0.0000 0.2074 0.6251 0.1915 0.9192 0.7406 0.9095 0.7512 0.6993 0.6730 0.8939 0.7318 0.2846 0.6303 0.7290 0.2844 0.8159 0.3788
ArgRS_AF_Euk_Paulinella_chromatophora_gene6481434 0.1732 0.5757 0.3380 0.1725 0.7441 0.2203 0.8470 0.3092 0.1897 0.8392 0.1465 0.1496 0.1657 0.0956 0.3020 0.7350 0.1093 1.0161 0.1661 0.2187 0.4831 0.9497 0.3386 0.8724 0.7057 0.1932 0.1463 0.2886 0.7260 0.2074 0.0000 0.4412 0.0533 0.8195 0.6631 0.7805 0.6570 0.6617 0.5669 0.9486 0.7439 0.2240 0.5201 0.6582 0.1707 0.8433 0.3846
CysRS_AF_Euk_Micromonas_commoda_gene8246535 0.5686 0.3722 0.6527 0.6673 0.4378 0.6428 0.3239 0.6250 0.6041 0.4296 0.6595 0.5857 0.5190 0.6603 0.5796 0.3942 0.4873 0.5364 0.6383 0.5700 0.3206 0.7386 0.6476 0.3819 0.3179 0.6546 0.5226 0.6039 0.4367 0.6251 0.4412 0.0000 0.6081 0.3713 0.3136 0.4632 0.4675 0.4582 0.3369 0.4877 0.4272 0.5637 0.3173 0.4707 0.6088 0.4023 0.7107
ArgRS_AF_Bact_Prochlorococcus_marinus_subsp_marinus_str_CCMP1375_gene54199571 0.1435 0.5256 0.3158 0.1529 0.6852 0.1782 0.7900 0.3572 0.1985 0.8019 0.1350 0.1677 0.1562 0.0904 0.2172 0.8814 0.1407 0.9006 0.1594 0.2017 0.5505 0.9944 0.3295 0.7455 0.7421 0.1644 0.1565 0.3233 0.7411 0.1915 0.0533 0.6081 0.0000 0.7922 0.6783 0.7984 0.6288 0.6107 0.5199 0.9826 0.7784 0.2262 0.5101 0.7148 0.1734 0.8842 0.3568
CysRS_AF_Arch_Aciduliprofundum_boonei_T469_gene8827372 0.8330 0.4227 0.9090 0.7725 0.4389 0.7101 0.3291 0.8090 0.9196 0.4340 0.8297 0.7388 0.6964 0.8528 0.8734 0.4380 0.6972 0.4617 0.7309 0.7715 0.3992 0.7838 0.8301 0.3725 0.4187 0.7686 0.6857 0.8283 0.5098 0.9192 0.8195 0.3713 0.7922 0.0000 0.4643 0.4320 0.4546 0.3282 0.3240 0.3968 0.4166 0.7041 0.4415 0.3453 0.8388 0.3876 0.7464
CysRS_AF_Euk_Arabidopsis_thaliana_gene833874 0.5818 0.4534 0.7621 0.7545 0.5331 0.5313 0.3470 0.6685 0.6934 0.4536 0.7313 0.5715 0.7190 0.6789 0.7907 0.4795 0.6111 0.6440 0.6411 0.7021 0.4294 1.0199 0.7176 0.6271 0.3345 0.6769 0.5892 0.7083 0.5349 0.7406 0.6631 0.3136 0.6783 0.4643 0.0000 0.6624 0.7116 0.7139 0.5642 0.6283 0.5749 0.6036 0.5292 0.6383 1.0104 0.5602 0.7637
CysRS_AF_Bact_Treponema_pallidum_subsp_pertenue_str_SamoaD_gene57878631 0.7817 0.4718 0.8556 0.9492 0.4904 0.8529 0.5449 0.8487 0.8655 0.4586 0.8635 0.9072 0.9220 0.8411 1.0095 0.5222 0.8334 0.4055 0.7888 0.9262 0.4432 0.5903 0.9035 0.5178 0.4415 0.8185 0.8871 0.8019 0.5093 0.9095 0.7805 0.4632 0.7984 0.4320 0.6624 0.0000 0.6522 0.3905 0.4996 0.5668 0.5036 0.8112 0.4855 0.4505 0.8906 0.4416 0.7726
CysRS_AF_Vir_Megavirus_chiliensis_gene11257271 0.7110 0.2858 0.6693 0.6525 0.2750 0.7349 0.3837 0.7213 0.6930 0.4839 0.6352 0.6591 0.6750 0.6358 0.7068 0.4474 0.6456 0.6183 0.6641 0.6556 0.4024 0.8305 0.6534 0.4752 0.3252 0.6652 0.6738 0.6497 0.5071 0.7512 0.6570 0.4675 0.6288 0.4546 0.7116 0.6522 0.0000 0.3663 0.3377 0.5595 0.2961 0.6931 0.2846 0.3422 0.6933 0.4723 0.7005
CysRS_AF_Arch_Pyrobaculum_ferrireducens_gene11593896 0.6684 0.3426 0.7323 0.6571 0.3526 0.8563 0.4084 0.7130 0.7061 0.4581 0.5809 0.7006 0.7651 0.6924 0.5987 0.2122 0.5911 0.5216 0.7752 0.6904 0.3469 0.6765 0.6441 0.2822 0.4267 0.6777 0.7966 0.6399 0.4616 0.6993 0.6617 0.4582 0.6107 0.3282 0.7139 0.3905 0.3663 0.0000 0.3477 0.4439 0.3848 0.7187 0.3849 0.3993 0.7139 0.3145 0.6978
CysRS_AF_Mito_Homo_sapiens_gene79587 0.6448 0.2720 0.7439 0.6242 0.2612 0.6550 0.4116 0.6476 0.6962 0.5993 0.8143 0.5703 0.5935 0.5442 0.6074 0.3910 0.7428 0.4961 0.6679 0.6301 0.0640 0.7073 0.6656 0.3491 0.2650 0.6772 0.7588 0.6886 0.4714 0.6730 0.5669 0.3369 0.5199 0.3240 0.5642 0.4996 0.3377 0.3477 0.0000 0.4611 0.2817 0.5909 0.3470 0.4312 0.5628 0.4179 0.7147
CysRS_AF_Bact_Bordetella_avium_197N_gene41394405 0.9387 0.4587 1.0585 0.8904 0.5542 0.8717 0.4501 0.9605 1.0002 0.4427 0.8372 1.0137 0.8988 0.9835 1.1402 0.4331 0.8656 0.3171 1.0364 1.3055 0.4384 0.4149 1.0821 0.3968 0.5167 0.9007 0.8860 0.9581 0.5073 0.8939 0.9486 0.4877 0.9826 0.3968 0.6283 0.5668 0.5595 0.4439 0.4611 0.0000 0.5859 1.0679 0.5134 0.4087 0.9734 0.3997 0.9174
CysRS_AF_Euk_Drosophila_melanogaster_gene36784 0.5717 0.2063 0.5203 0.7194 0.0872 0.7164 0.4548 0.6741 0.6847 0.6602 0.5695 0.6745 0.7360 0.6436 0.6169 0.4132 0.6506 0.4828 0.7281 0.6182 0.2614 0.8617 0.6068 0.4476 0.2625 0.6630 0.7357 0.6502 0.5941 0.7318 0.7439 0.4272 0.7784 0.4166 0.5749 0.5036 0.2961 0.3848 0.2817 0.5859 0.0000 0.6709 0.1286 0.4118 0.8863 0.4086 0.8504
ArgRS_AF_Mito_Caenorhabditis_elegans_gene174023 0.2611 0.5405 0.4334 0.3081 0.7429 0.2625 0.6523 0.3545 0.3213 1.0474 0.3475 0.2719 0.2318 0.2576 0.4751 0.8188 0.2476 1.0247 0.2619 0.2937 0.6539 0.9993 0.3505 0.9769 0.6711 0.3111 0.2678 0.3685 0.8489 0.2846 0.2240 0.5637 0.2262 0.7041 0.6036 0.8112 0.6931 0.7187 0.5909 1.0679 0.6709 0.0000 0.6752 0.8631 0.2807 0.8004 0.4038
CysRS_AF_Mito_Saccharomyces_cerevisiae_S288C_gene855474 0.6351 0.2583 0.6597 0.6526 0.1595 0.5722 0.4381 0.7473 0.5774 0.5510 0.4936 0.5471 0.5740 0.5509 0.5853 0.4062 0.4969 0.5475 0.7301 0.6261 0.3172 0.8727 0.6462 0.4306 0.3252 0.6148 0.6517 0.6763 0.5290 0.6303 0.5201 0.3173 0.5101 0.4415 0.5292 0.4855 0.2846 0.3849 0.3470 0.5134 0.1286 0.6752 0.0000 0.3494 0.6141 0.3958 0.7529
CysRS_AF_Bact_Streptobacillus_moniliformis_DSM_12112_gene29673427 0.7596 0.3483 0.6761 0.6828 0.4397 0.7213 0.4522 0.7088 0.7935 0.3210 0.6739 0.6828 0.8100 0.6739 0.7474 0.4203 0.6798 0.4313 0.7071 0.8763 0.3885 0.7999 0.7595 0.3520 0.3808 0.7001 0.7280 0.6928 0.5212 0.7290 0.6582 0.4707 0.7148 0.3453 0.6383 0.4505 0.3422 0.3993 0.4312 0.4087 0.4118 0.8631 0.3494 0.0000 0.9186 0.3461 0.7344
ArgRS_AF_Arch_Methanothermococcus_okinawensis_IH1_gene10773248 0.1918 0.7567 0.2473 0.2641 0.7218 0.2884 0.6102 0.2577 0.1772 0.8135 0.2460 0.2578 0.2330 0.1896 0.2455 0.8044 0.1875 1.1321 0.1700 0.2085 0.6555 1.1811 0.2121 1.3829 0.9488 0.2667 0.1936 0.2277 0.8853 0.2844 0.1707 0.6088 0.1734 0.8388 1.0104 0.8906 0.6933 0.7139 0.5628 0.9734 0.8863 0.2807 0.6141 0.9186 0.0000 0.9072 0.2783
CysRS_AF_Arch_Methanospirillum_hungatei_JF-1_gene3922979 0.9260 0.3826 0.8927 1.0812 0.3923 0.8816 0.3868 0.7973 0.9854 0.3840 0.9628 0.9517 0.8423 0.8612 1.0611 0.3030 0.8179 0.4545 0.9790 0.6773 0.4069 0.5740 0.8315 0.2717 0.4254 0.9280 0.9613 0.8199 0.4009 0.8159 0.8433 0.4023 0.8842 0.3876 0.5602 0.4416 0.4723 0.3145 0.4179 0.3997 0.4086 0.8004 0.3958 0.3461 0.9072 0.0000 0.7139
ArgRS_AF_Arch_Desulfurococcus_mucosus_DSM_2162_gene10153309 0.3665 0.7989 0.5002 0.3201 0.8168 0.3477 0.7703 0.3094 0.2746 0.8220 0.3212 0.4982 0.3702 0.2982 0.3807 0.8002 0.3342 0.7379 0.3024 0.3660 0.7782 0.9830 0.4025 0.8266 0.7828 0.3211 0.3781 0.3806 0.9196 0.3788 0.3846 0.7107 0.3568 0.7464 0.7637 0.7726 0.7005 0.6978 0.7147 0.9174 0.8504 0.4038 0.7529 0.7344 0.2783 0.7139 0.0000
