47
CysRS_AF_Mito_Homo_sapiens_gene79587 0.0000 0.4520 0.4041 0.4380 0.4959 0.2185 0.4915 0.4649 0.2357 0.3580 0.5034 0.4592 0.2883 0.4474 0.4988 0.2934 0.4281 0.4366 0.2706 0.4408 0.4746 0.4058 0.3047 0.2506 0.4258 0.3250 0.2333 0.4219 0.4269 0.4445 0.2805 0.3149 0.3389 0.4344 0.4317 0.3842 0.4587 0.2953 0.0619 0.4106 0.4637 0.4178 0.4974 0.4634 0.2291 0.4319 0.3043
CysRS_AF_Bact_Mycoplasma_hyopneumoniae_168-L_gene57101512 0.4520 0.0000 0.5974 0.6161 0.6420 0.6207 0.6074 0.6250 0.4673 0.4353 0.6150 0.6410 0.4167 0.6040 0.4445 0.5565 0.6051 0.6100 0.4169 0.6373 0.6139 0.4607 0.5595 0.5351 0.6320 0.3958 0.5828 0.6303 0.6501 0.4540 0.4747 0.4561 0.4092 0.7024 0.6336 0.4556 0.6289 0.3867 0.4471 0.5971 0.6453 0.6190 0.6289 0.6288 0.4625 0.6260 0.5343
ArgRS_AF_Bact_Mycoplasma_hyopneumoniae_168-L_gene57100855 0.4041 0.5974 0.0000 0.2204 0.2345 0.3967 0.1804 0.2249 0.4108 0.5678 0.2239 0.2185 0.4532 0.1828 0.4800 0.5398 0.2369 0.2863 0.4354 0.2236 0.2634 0.6144 0.4081 0.4115 0.2345 0.5817 0.4305 0.1938 0.2787 0.5977 0.5208 0.4442 0.5663 0.2918 0.2513 0.5187 0.2717 0.5337 0.4070 0.2197 0.3216 0.2038 0.1657 0.2520 0.4456 0.2460 0.4418
ArgRS_AF_Bact_Escherichia_coli_O157:H7_str._Sakai_gene912519 0.4380 0.6161 0.2204 0.0000 0.1599 0.3914 0.2526 0.1756 0.4189 0.5556 0.1306 0.1889 0.4719 0.2380 0.5223 0.4941 0.1859 0.1998 0.4643 0.1629 0.1341 0.5898 0.4584 0.4495 0.1826 0.5941 0.4510 0.2299 0.1380 0.5358 0.4859 0.5014 0.6009 0.2317 0.1442 0.5353 0.1536 0.5971 0.4426 0.0804 0.2340 0.0851 0.2440 0.1560 0.4281 0.1469 0.4763
ArgRS_AF_Arch_Candidatus_Nitrosopumilus_sediminis_gene13697696 0.4959 0.6420 0.2345 0.1599 0.0000 0.4452 0.2138 0.1291 0.4312 0.6080 0.1652 0.1855 0.4968 0.1622 0.5364 0.5258 0.1553 0.1662 0.4940 0.1615 0.1814 0.5823 0.4957 0.4471 0.1497 0.6146 0.4735 0.1640 0.1929 0.5504 0.5328 0.5089 0.5764 0.2706 0.2068 0.4910 0.1742 0.5823 0.4854 0.1493 0.2395 0.1680 0.2151 0.1639 0.4720 0.2209 0.4768
CysRS_AF_Euk_Homo_sapiens_gene833 0.2185 0.6207 0.3967 0.3914 0.4452 0.0000 0.4021 0.4406 0.1475 0.4294 0.4056 0.4094 0.3700 0.4099 0.4478 0.3514 0.3731 0.4066 0.1959 0.4961 0.4177 0.4368 0.3387 0.0688 0.4467 0.3881 0.1579 0.4604 0.4040 0.3682 0.3302 0.3266 0.2933 0.4546 0.3851 0.3904 0.4435 0.3554 0.2101 0.3725 0.4569 0.3873 0.3972 0.4458 0.2471 0.3832 0.3720
ArgRS_AF_Bact_Anoxybacillus_flavithermus_WK1_gene7039015 0.4915 0.6074 0.1804 0.2526 0.2138 0.4021 0.0000 0.2294 0.4086 0.6104 0.2430 0.2112 0.4849 0.1328 0.5396 0.5239 0.1843 0.2881 0.4454 0.2541 0.2806 0.5928 0.4389 0.3850 0.2845 0.5922 0.4637 0.1807 0.2827 0.5771 0.5375 0.4789 0.6908 0.3098 0.3026 0.5388 0.2955 0.5471 0.5613 0.2459 0.2814 0.2681 0.1474 0.1840 0.4549 0.3084 0.4936
ArgRS_AF_Arch_Candidatus_Korarchaeum_cryptofilum_OPF8_gene6093502 0.4649 0.6250 0.2249 0.1756 0.1291 0.4406 0.2294 0.0000 0.4081 0.6190 0.2046 0.1946 0.5643 0.2174 0.5310 0.5281 0.1624 0.1704 0.5212 0.2257 0.1884 0.6264 0.4823 0.5113 0.1640 0.5959 0.4906 0.1979 0.2155 0.5922 0.5363 0.5055 0.6381 0.2353 0.2305 0.5784 0.2221 0.5908 0.4584 0.1770 0.2714 0.1705 0.2499 0.1931 0.4680 0.2584 0.5441
CysRS_AF_Mito_Saccharomyces_cerevisiae_S288C_gene855474 0.2357 0.4673 0.4108 0.4189 0.4312 0.1475 0.4086 0.4081 0.0000 0.4006 0.3499 0.3914 0.3051 0.4183 0.3250 0.3463 0.3790 0.3795 0.2333 0.4548 0.3908 0.3647 0.2626 0.1207 0.4153 0.4222 0.1968 0.4121 0.4216 0.3988 0.3118 0.3475 0.2920 0.4150 0.3841 0.3987 0.3893 0.3048 0.2069 0.3697 0.4454 0.4062 0.3891 0.4331 0.2581 0.4180 0.2377
CysRS_AF_Bact_Bordetella_avium_197N_gene41394405 0.3580 0.4353 0.5678 0.5556 0.6080 0.4294 0.6104 0.6190 0.4006 0.0000 0.5454 0.6189 0.3271 0.5967 0.3428 0.3889 0.6143 0.6381 0.4285 0.5452 0.5148 0.3127 0.3811 0.4247 0.5487 0.2812 0.3706 0.6252 0.5794 0.4452 0.3368 0.3242 0.3092 0.5992 0.6031 0.3705 0.5860 0.2504 0.3341 0.5515 0.6187 0.5287 0.6270 0.5837 0.3424 0.5545 0.3503
ArgRS_AF_Euk_Micromonas_commoda_gene8250062 0.5034 0.6150 0.2239 0.1306 0.1652 0.4056 0.2430 0.2046 0.3499 0.5454 0.0000 0.2275 0.4678 0.2278 0.5068 0.4187 0.1792 0.2014 0.4703 0.1114 0.1653 0.5848 0.4063 0.3883 0.1838 0.5618 0.4382 0.2594 0.1546 0.5677 0.5036 0.4750 0.5035 0.2780 0.1582 0.5452 0.2130 0.5988 0.4935 0.1224 0.2409 0.1035 0.2303 0.1531 0.4811 0.1676 0.5183
ArgRS_PDB_Arch_2ZUF 0.4592 0.6410 0.2185 0.1889 0.1855 0.4094 0.2112 0.1946 0.3914 0.6189 0.2275 0.0000 0.5127 0.2543 0.5070 0.5002 0.1947 0.1813 0.4706 0.2372 0.2429 0.5920 0.4503 0.4173 0.2197 0.5827 0.4437 0.2502 0.2286 0.5363 0.5485 0.4988 0.5966 0.2581 0.2859 0.5787 0.2318 0.5329 0.4475 0.1811 0.2393 0.1919 0.2155 0.1974 0.5138 0.2902 0.5116
CysRS_AF_Arch_Candidatus_Nitrosopumilus_sediminis_gene13696907 0.2883 0.4167 0.4532 0.4719 0.4968 0.3700 0.4849 0.5643 0.3051 0.3271 0.4678 0.5127 0.0000 0.5506 0.2860 0.2861 0.4861 0.5722 0.3226 0.4583 0.5169 0.3716 0.3478 0.3669 0.4807 0.3016 0.2858 0.5800 0.4749 0.4366 0.1980 0.2562 0.3670 0.5617 0.4750 0.3472 0.5027 0.3062 0.2441 0.4754 0.5265 0.4326 0.4504 0.4871 0.2984 0.4824 0.2538
ArgRS_AF_Bact_Corynebacterium_ulcerans_809_gene75260071 0.4474 0.6040 0.1828 0.2380 0.1622 0.4099 0.1328 0.2174 0.4183 0.5967 0.2278 0.2543 0.5506 0.0000 0.5281 0.5240 0.2036 0.2694 0.4300 0.2330 0.2540 0.6391 0.4488 0.4580 0.2168 0.5960 0.4510 0.1684 0.2244 0.5922 0.5358 0.4452 0.6106 0.3098 0.2642 0.5814 0.2407 0.5504 0.4408 0.2115 0.2795 0.2495 0.1599 0.1967 0.4230 0.2704 0.5192
CysRS_AF_Bact_Porphyromonas_gingivalis_ATCC_33277_gene29256960 0.4988 0.4445 0.4800 0.5223 0.5364 0.4478 0.5396 0.5310 0.3250 0.3428 0.5068 0.5070 0.2860 0.5281 0.0000 0.3416 0.5574 0.5081 0.3935 0.5380 0.5127 0.4048 0.3538 0.4942 0.5032 0.3406 0.4143 0.5269 0.5339 0.4030 0.3961 0.3347 0.2863 0.5656 0.5268 0.3891 0.5700 0.2915 0.3726 0.4774 0.5831 0.4743 0.4645 0.5153 0.3298 0.5188 0.2359
CysRS_AF_Euk_Arabidopsis_thaliana_gene833874 0.2934 0.5565 0.5398 0.4941 0.5258 0.3514 0.5239 0.5281 0.3463 0.3889 0.4187 0.5002 0.2861 0.5240 0.3416 0.0000 0.4692 0.5256 0.4377 0.5307 0.5213 0.4603 0.2872 0.3821 0.4079 0.4612 0.3739 0.4912 0.5201 0.4542 0.3616 0.3869 0.3909 0.5578 0.4724 0.4002 0.4187 0.3850 0.3149 0.4481 0.4145 0.4171 0.5285 0.4426 0.2776 0.4860 0.3757
ArgRS_AF_Arch_Methanothermococcus_okinawensis_IH1_gene10773248 0.4281 0.6051 0.2369 0.1859 0.1553 0.3731 0.1843 0.1624 0.3790 0.6143 0.1792 0.1947 0.4861 0.2036 0.5574 0.4692 0.0000 0.1980 0.4646 0.1942 0.2068 0.6323 0.4127 0.4546 0.2135 0.5318 0.4505 0.2133 0.2238 0.5282 0.5620 0.4992 0.5602 0.2802 0.2560 0.5576 0.2530 0.5577 0.4233 0.1690 0.2441 0.1708 0.2124 0.1786 0.5185 0.2529 0.5272
ArgRS_PDB_Bact_1IQ0 0.4366 0.6100 0.2863 0.1998 0.1662 0.4066 0.2881 0.1704 0.3795 0.6381 0.2014 0.1813 0.5722 0.2694 0.5081 0.5256 0.1980 0.0000 0.4234 0.1919 0.2247 0.6463 0.4556 0.4275 0.2099 0.5961 0.4270 0.2713 0.2398 0.6070 0.5161 0.5214 0.6211 0.3218 0.3007 0.5508 0.2258 0.5873 0.4327 0.1786 0.2393 0.1801 0.2996 0.2065 0.4524 0.3035 0.5206
CysRS_AF_Vir_Megavirus_chiliensis_gene11257271 0.2706 0.4169 0.4354 0.4643 0.4940 0.1959 0.4454 0.5212 0.2333 0.4285 0.4703 0.4706 0.3226 0.4300 0.3935 0.4377 0.4646 0.4234 0.0000 0.4662 0.4608 0.4611 0.3571 0.1758 0.5030 0.3500 0.2362 0.4683 0.4825 0.4276 0.3344 0.3220 0.3567 0.4826 0.4990 0.5070 0.5338 0.3715 0.2646 0.4605 0.4720 0.4529 0.4435 0.4998 0.2848 0.4693 0.3058
ArgRS_AF_Bact_Chlamydia_psittaci_6BC_gene12242456 0.4408 0.6373 0.2236 0.1629 0.1615 0.4961 0.2541 0.2257 0.4548 0.5452 0.1114 0.2372 0.4583 0.2330 0.5380 0.5307 0.1942 0.1919 0.4662 0.0000 0.1581 0.6062 0.4178 0.3911 0.1904 0.6053 0.4885 0.2290 0.1795 0.5686 0.5333 0.4703 0.5699 0.2727 0.1799 0.5514 0.2017 0.5886 0.4987 0.1372 0.2467 0.1361 0.2324 0.1774 0.5055 0.1899 0.4349
ArgRS_AF_Euk_Thalassiosira_pseudonana_CCMP1335_gene7449555 0.4746 0.6139 0.2634 0.1341 0.1814 0.4177 0.2806 0.1884 0.3908 0.5148 0.1653 0.2429 0.5169 0.2540 0.5127 0.5213 0.2068 0.2247 0.4608 0.1581 0.0000 0.4597 0.4575 0.3933 0.1959 0.5369 0.5549 0.2350 0.1973 0.5334 0.5101 0.4574 0.5218 0.2671 0.1787 0.5433 0.2016 0.5876 0.4337 0.1216 0.2687 0.1400 0.2389 0.1938 0.4631 0.1758 0.4667
CysRS_AF_Bact_Mycobacterium_canettii_CIPT_140010059_gene45427568 0.4058 0.4607 0.6144 0.5898 0.5823 0.4368 0.5928 0.6264 0.3647 0.3127 0.5848 0.5920 0.3716 0.6391 0.4048 0.4603 0.6323 0.6463 0.4611 0.6062 0.4597 0.0000 0.3978 0.3374 0.5373 0.3642 0.3867 0.6318 0.6110 0.3768 0.3747 0.3706 0.3493 0.6144 0.5869 0.4388 0.5624 0.3661 0.3514 0.5523 0.6673 0.5762 0.6175 0.6203 0.2993 0.5885 0.3370
CysRS_AF_Euk_Micromonas_commoda_gene8246535 0.3047 0.5595 0.4081 0.4584 0.4957 0.3387 0.4389 0.4823 0.2626 0.3811 0.4063 0.4503 0.3478 0.4488 0.3538 0.2872 0.4127 0.4556 0.3571 0.4178 0.4575 0.3978 0.0000 0.3383 0.4402 0.3592 0.2712 0.4469 0.4407 0.3141 0.3412 0.3874 0.3009 0.5102 0.4932 0.3861 0.4703 0.3247 0.2801 0.4157 0.4672 0.3862 0.4652 0.4255 0.2510 0.4528 0.3302
CysRS_AF_Euk_Drosophila_melanogaster_gene36784 0.2506 0.5351 0.4115 0.4495 0.4471 0.0688 0.3850 0.5113 0.1207 0.4247 0.3883 0.4173 0.3669 0.4580 0.4942 0.3821 0.4546 0.4275 0.1758 0.3911 0.3933 0.3374 0.3383 0.0000 0.4444 0.3216 0.1644 0.4120 0.4275 0.3657 0.3050 0.3456 0.3206 0.5380 0.3942 0.3979 0.5033 0.3601 0.1970 0.3858 0.4164 0.3798 0.4003 0.3938 0.2286 0.4127 0.2929
ArgRS_AF_Mito_Homo_sapiens_gene57038 0.4258 0.6320 0.2345 0.1826 0.1497 0.4467 0.2845 0.1640 0.4153 0.5487 0.1838 0.2197 0.4807 0.2168 0.5032 0.4079 0.2135 0.2099 0.5030 0.1904 0.1959 0.5373 0.4402 0.4444 0.0000 0.5653 0.5331 0.2224 0.1916 0.5451 0.4821 0.4816 0.5554 0.2936 0.2244 0.4797 0.1347 0.6057 0.4113 0.1462 0.2118 0.1526 0.2372 0.2032 0.5104 0.2238 0.5185
CysRS_AF_Arch_Methanospirillum_hungatei_JF-1_gene3922979 0.3250 0.3958 0.5817 0.5941 0.6146 0.3881 0.5922 0.5959 0.4222 0.2812 0.5618 0.5827 0.3016 0.5960 0.3406 0.4612 0.5318 0.5961 0.3500 0.6053 0.5369 0.3642 0.3592 0.3216 0.5653 0.0000 0.3204 0.6354 0.6153 0.3344 0.2938 0.2568 0.2542 0.6252 0.5600 0.3632 0.5869 0.2542 0.3206 0.5523 0.6043 0.5511 0.5760 0.6367 0.3679 0.5620 0.3211
CysRS_AF_Euk_Cyanidioschyzon_merolae_strain_10D_gene16993418 0.2333 0.5828 0.4305 0.4510 0.4735 0.1579 0.4637 0.4906 0.1968 0.3706 0.4382 0.4437 0.2858 0.4510 0.4143 0.3739 0.4505 0.4270 0.2362 0.4885 0.5549 0.3867 0.2712 0.1644 0.5331 0.3204 0.0000 0.5639 0.4418 0.3752 0.3140 0.2856 0.3432 0.4974 0.5068 0.3727 0.4503 0.3132 0.2192 0.4169 0.4262 0.4443 0.4814 0.4872 0.2439 0.4892 0.2365
ArgRS_AF_Bact_Cupriavidus_taiwanensis_LMG_19424_gene29762022 0.4219 0.6303 0.1938 0.2299 0.1640 0.4604 0.1807 0.1979 0.4121 0.6252 0.2594 0.2502 0.5800 0.1684 0.5269 0.4912 0.2133 0.2713 0.4683 0.2290 0.2350 0.6318 0.4469 0.4120 0.2224 0.6354 0.5639 0.0000 0.2343 0.5856 0.5608 0.4700 0.6573 0.2700 0.2568 0.5670 0.2321 0.6192 0.4547 0.2426 0.2783 0.2177 0.1766 0.2197 0.4506 0.2601 0.5516
ArgRS_AF_Vir_Megavirus_chiliensis_gene11257368 0.4269 0.6501 0.2787 0.1380 0.1929 0.4040 0.2827 0.2155 0.4216 0.5794 0.1546 0.2286 0.4749 0.2244 0.5339 0.5201 0.2238 0.2398 0.4825 0.1795 0.1973 0.6110 0.4407 0.4275 0.1916 0.6153 0.4418 0.2343 0.0000 0.5667 0.5237 0.4925 0.6052 0.3495 0.1341 0.6120 0.2028 0.5825 0.4978 0.1501 0.2361 0.1391 0.2573 0.1622 0.4572 0.1376 0.4261
CysRS_AF_Bact_Treponema_pallidum_subsp_pertenue_str_SamoaD_gene57878631 0.4445 0.4540 0.5977 0.5358 0.5504 0.3682 0.5771 0.5922 0.3988 0.4452 0.5677 0.5363 0.4366 0.5922 0.4030 0.4542 0.5282 0.6070 0.4276 0.5686 0.5334 0.3768 0.3141 0.3657 0.5451 0.3344 0.3752 0.5856 0.5667 0.0000 0.3543 0.3281 0.3966 0.5589 0.5544 0.4354 0.5756 0.3736 0.3566 0.5780 0.5888 0.4970 0.5567 0.5946 0.3298 0.5722 0.2533
CysRS_AF_Arch_Aciduliprofundum_boonei_T469_gene8827372 0.2805 0.4747 0.5208 0.4859 0.5328 0.3302 0.5375 0.5363 0.3118 0.3368 0.5036 0.5485 0.1980 0.5358 0.3961 0.3616 0.5620 0.5161 0.3344 0.5333 0.5101 0.3747 0.3412 0.3050 0.4821 0.2938 0.3140 0.5608 0.5237 0.3543 0.0000 0.3041 0.3376 0.5317 0.5249 0.3822 0.4989 0.3202 0.2769 0.5032 0.4790 0.4995 0.5669 0.5456 0.3383 0.5242 0.2806
CysRS_AF_Arch_Pyrobaculum_ferrireducens_gene11593896 0.3149 0.4561 0.4442 0.5014 0.5089 0.3266 0.4789 0.5055 0.3475 0.3242 0.4750 0.4988 0.2562 0.4452 0.3347 0.3869 0.4992 0.5214 0.3220 0.4703 0.4574 0.3706 0.3874 0.3456 0.4816 0.2568 0.2856 0.4700 0.4925 0.3281 0.3041 0.0000 0.1798 0.5233 0.4930 0.3667 0.6026 0.2326 0.3427 0.5052 0.4628 0.4721 0.4433 0.4808 0.3125 0.4856 0.3386
CysRS_PDB_Bact_M_smegmatis_3C8Z 0.3389 0.4092 0.5663 0.6009 0.5764 0.2933 0.6908 0.6381 0.2920 0.3092 0.5035 0.5966 0.3670 0.6106 0.2863 0.3909 0.5602 0.6211 0.3567 0.5699 0.5218 0.3493 0.3009 0.3206 0.5554 0.2542 0.3432 0.6573 0.6052 0.3966 0.3376 0.1798 0.0000 0.6524 0.5596 0.2963 0.6493 0.1653 0.3033 0.5470 0.6624 0.5438 0.6007 0.5991 0.4005 0.5142 0.3618
ArgRS_AF_Arch_Desulfurococcus_mucosus_DSM_2162_gene10153309 0.4344 0.7024 0.2918 0.2317 0.2706 0.4546 0.3098 0.2353 0.4150 0.5992 0.2780 0.2581 0.5617 0.3098 0.5656 0.5578 0.2802 0.3218 0.4826 0.2727 0.2671 0.6144 0.5102 0.5380 0.2936 0.6252 0.4974 0.2700 0.3495 0.5589 0.5317 0.5233 0.6524 0.0000 0.3246 0.5917 0.3034 0.5413 0.4350 0.2725 0.3321 0.2690 0.2861 0.2924 0.5767 0.3110 0.5284
ArgRS_AF_Euk_Polyodon_spathula_gene121324634 0.4317 0.6336 0.2513 0.1442 0.2068 0.3851 0.3026 0.2305 0.3841 0.6031 0.1582 0.2859 0.4750 0.2642 0.5268 0.4724 0.2560 0.3007 0.4990 0.1799 0.1787 0.5869 0.4932 0.3942 0.2244 0.5600 0.5068 0.2568 0.1341 0.5544 0.5249 0.4930 0.5596 0.3246 0.0000 0.5145 0.1851 0.5443 0.5342 0.1393 0.2624 0.1741 0.2865 0.2207 0.4648 0.0034 0.4356
CysRS_AF_Bact_Prochlorococcus_marinus_subsp_marinus_str_CCMP1375_gene54200571 0.3842 0.4556 0.5187 0.5353 0.4910 0.3904 0.5388 0.5784 0.3987 0.3705 0.5452 0.5787 0.3472 0.5814 0.3891 0.4002 0.5576 0.5508 0.5070 0.5514 0.5433 0.4388 0.3861 0.3979 0.4797 0.3632 0.3727 0.5670 0.6120 0.4354 0.3822 0.3667 0.2963 0.5917 0.5145 0.0000 0.5467 0.2776 0.3956 0.5188 0.5384 0.5250 0.5090 0.6007 0.3394 0.5580 0.4408
ArgRS_PDB_Euk_S_cerevisiae_1BS2 0.4587 0.6289 0.2717 0.1536 0.1742 0.4435 0.2955 0.2221 0.3893 0.5860 0.2130 0.2318 0.5027 0.2407 0.5700 0.4187 0.2530 0.2258 0.5338 0.2017 0.2016 0.5624 0.4703 0.5033 0.1347 0.5869 0.4503 0.2321 0.2028 0.5756 0.4989 0.6026 0.6493 0.3034 0.1851 0.5467 0.0000 0.5555 0.4002 0.1663 0.2339 0.1912 0.2520 0.2098 0.5542 0.1825 0.5148
CysRS_PDB_Bact_E_coli_1LI5 0.2953 0.3867 0.5337 0.5971 0.5823 0.3554 0.5471 0.5908 0.3048 0.2504 0.5988 0.5329 0.3062 0.5504 0.2915 0.3850 0.5577 0.5873 0.3715 0.5886 0.5876 0.3661 0.3247 0.3601 0.6057 0.2542 0.3132 0.6192 0.5825 0.3736 0.3202 0.2326 0.1653 0.5413 0.5443 0.2776 0.5555 0.0000 0.3277 0.5424 0.6776 0.6068 0.5138 0.5931 0.3095 0.5515 0.2742
CysRS_AF_Mito_Morone_saxatilis_gene118339815 0.0619 0.4471 0.4070 0.4426 0.4854 0.2101 0.5613 0.4584 0.2069 0.3341 0.4935 0.4475 0.2441 0.4408 0.3726 0.3149 0.4233 0.4327 0.2646 0.4987 0.4337 0.3514 0.2801 0.1970 0.4113 0.3206 0.2192 0.4547 0.4978 0.3566 0.2769 0.3427 0.3033 0.4350 0.5342 0.3956 0.4002 0.3277 0.0000 0.4164 0.4428 0.4028 0.5557 0.4308 0.2123 0.4254 0.2985
ArgRS_AF_Bact_Prochlorococcus_marinus_subsp_marinus_str_CCMP1375_gene54199571 0.4106 0.5971 0.2197 0.0804 0.1493 0.3725 0.2459 0.1770 0.3697 0.5515 0.1224 0.1811 0.4754 0.2115 0.4774 0.4481 0.1690 0.1786 0.4605 0.1372 0.1216 0.5523 0.4157 0.3858 0.1462 0.5523 0.4169 0.2426 0.1501 0.5780 0.5032 0.5052 0.5470 0.2725 0.1393 0.5188 0.1663 0.5424 0.4164 0.0000 0.2024 0.0561 0.2310 0.1432 0.4438 0.1421 0.4581
ArgRS_AF_Mito_Caenorhabditis_elegans_gene174023 0.4637 0.6453 0.3216 0.2340 0.2395 0.4569 0.2814 0.2714 0.4454 0.6187 0.2409 0.2393 0.5265 0.2795 0.5831 0.4145 0.2441 0.2393 0.4720 0.2467 0.2687 0.6673 0.4672 0.4164 0.2118 0.6043 0.4262 0.2783 0.2361 0.5888 0.4790 0.4628 0.6624 0.3321 0.2624 0.5384 0.2339 0.6776 0.4428 0.2024 0.0000 0.2007 0.2846 0.2263 0.4922 0.2895 0.5667
ArgRS_AF_Euk_Paulinella_chromatophora_gene6481434 0.4178 0.6190 0.2038 0.0851 0.1680 0.3873 0.2681 0.1705 0.4062 0.5287 0.1035 0.1919 0.4326 0.2495 0.4743 0.4171 0.1708 0.1801 0.4529 0.1361 0.1400 0.5762 0.3862 0.3798 0.1526 0.5511 0.4443 0.2177 0.1391 0.4970 0.4995 0.4721 0.5438 0.2690 0.1741 0.5250 0.1912 0.6068 0.4028 0.0561 0.2007 0.0000 0.2202 0.1503 0.4383 0.1753 0.4315
ArgRS_AF_Bact_Brachyspira_pilosicoli_95_1000_gene56439668 0.4974 0.6289 0.1657 0.2440 0.2151 0.3972 0.1474 0.2499 0.3891 0.6270 0.2303 0.2155 0.4504 0.1599 0.4645 0.5285 0.2124 0.2996 0.4435 0.2324 0.2389 0.6175 0.4652 0.4003 0.2372 0.5760 0.4814 0.1766 0.2573 0.5567 0.5669 0.4433 0.6007 0.2861 0.2865 0.5090 0.2520 0.5138 0.5557 0.2310 0.2846 0.2202 0.0000 0.2310 0.4480 0.2857 0.4138
ArgRS_AF_Bact_Streptobacillus_moniliformis_DSM_12112_gene29674021 0.4634 0.6288 0.2520 0.1560 0.1639 0.4458 0.1840 0.1931 0.4331 0.5837 0.1531 0.1974 0.4871 0.1967 0.5153 0.4426 0.1786 0.2065 0.4998 0.1774 0.1938 0.6203 0.4255 0.3938 0.2032 0.6367 0.4872 0.2197 0.1622 0.5946 0.5456 0.4808 0.5991 0.2924 0.2207 0.6007 0.2098 0.5931 0.4308 0.1432 0.2263 0.1503 0.2310 0.0000 0.5531 0.2246 0.5035
CysRS_AF_Bact_Lactobacillus_amylovorus_GRL1118_gene66523130 0.2291 0.4625 0.4456 0.4281 0.4720 0.2471 0.4549 0.4680 0.2581 0.3424 0.4811 0.5138 0.2984 0.4230 0.3298 0.2776 0.5185 0.4524 0.2848 0.5055 0.4631 0.2993 0.2510 0.2286 0.5104 0.3679 0.2439 0.4506 0.4572 0.3298 0.3383 0.3125 0.4005 0.5767 0.4648 0.3394 0.5542 0.3095 0.2123 0.4438 0.4922 0.4383 0.4480 0.5531 0.0000 0.4478 0.2364
ArgRS_AF_Euk_Homo_sapiens_gene5917 0.4319 0.6260 0.2460 0.1469 0.2209 0.3832 0.3084 0.2584 0.4180 0.5545 0.1676 0.2902 0.4824 0.2704 0.5188 0.4860 0.2529 0.3035 0.4693 0.1899 0.1758 0.5885 0.4528 0.4127 0.2238 0.5620 0.4892 0.2601 0.1376 0.5722 0.5242 0.4856 0.5142 0.3110 0.0034 0.5580 0.1825 0.5515 0.4254 0.1421 0.2895 0.1753 0.2857 0.2246 0.4478 0.0000 0.3990
CysRS_AF_Bact_Streptobacillus_moniliformis_DSM_12112_gene29673427 0.3043 0.5343 0.4418 0.4763 0.4768 0.3720 0.4936 0.5441 0.2377 0.3503 0.5183 0.5116 0.2538 0.5192 0.2359 0.3757 0.5272 0.5206 0.3058 0.4349 0.4667 0.3370 0.3302 0.2929 0.5185 0.3211 0.2365 0.5516 0.4261 0.2533 0.2806 0.3386 0.3618 0.5284 0.4356 0.4408 0.5148 0.2742 0.2985 0.4581 0.5667 0.4315 0.4138 0.5035 0.2364 0.3990 0.0000
